YYYY-MM-DD-HH:MM:SS;FT0101[l/m];FT0401[m3/h];PT0101[Bar];PT0102[Bar];PT0201[Bar];PT0202[Bar];PT0301[Bar];PT0302[Bar];PT0303[Bar];CV0201[%];CV0202[%];PT0203[Bar];PT0301[Bar];act_mode3;act_mode1;act_mode4;p;t_w[K];speed[RPM];outlet_pressure[Bar];p_lo_min[W];p_lo_max[W];DBB_ANTI_CYCLING_TRI;DBB_ANTI_CYCLING_TIM;equal_period_count;time_in_stop;last_time_in_stop;speed_avedev;M2_warning_out;M2_alarm_out;M2_reset_out;M2_cntCycles;M2_pumpToff;M2_pumpToffAvg;M2_pumpToffVar;M2_algState;M3_warning_out;M3_alarm_out;M3_reset_out;M3_cumVol;M3_edgeType;M3_edgeDetectionStat;M3_maxVol_warning;M3_maxVol_alarm;M3_Tevent;M2_cumVol;M3_qAvg;pump_output_control_;M2_plumbingCheck_cnt;M2_plumbingCheck_cnt;M2_plumbingCheck_cnt;M2_plumbingCheck_dpd;M2_PlumbingCheck_fla;M2_PlumbingWarning;FT0106;PT0106;FT0103;FT0104;FT0105;PV0106;SC0401;M2_stp_alg
2023-11-27 14:26:49:750;0.00; 0.00; 0.000; 3.87; 3.80; 3.79; 0.00; 0.00; 0.00; 0.00; 0.00; 3.79; 0.00; 60.00; 1.00; 0.00; 0.000; 291.01; 0.00; 1.820; 0.00; 65535.00; 40.00; 5.00; 0.00; 255.00; 255.00; 250.00; 0.00; 0.00; 1.00; 0.00; 813594.19; 155635.75; 145209524224.00; 1.00; 0.00; 0.00; 1.00; 0.00; 0.00; 1.00; 0.00; 0.00; 0.00; 0.00; 0.00; 1.00; 0.00; 0.00; 0.00; 0.96; 0.00; 0.00; 0.00; 3.88; 0.00; 333.33; 0.00; 1.00; 1.00; 5.00 
2023-11-27 14:26:49:870;0.00; 0.00; 0.000; 3.87; 3.80; 3.79; 0.00; 0.00; 0.00; 0.00; 0.00; 3.80; 0.00; 60.00; 1.00; 0.00; 0.000; 291.01; 0.00; 1.820; 0.00; 65535.00; 40.00; 5.00; 0.00; 255.00; 255.00; 250.00; 0.00; 0.00; 1.00; 0.00; 813594.19; 155635.75; 145209524224.00; 1.00; 0.00; 0.00; 1.00; 0.00; 0.00; 1.00; 0.00; 0.00; 0.00; 0.00; 0.00; 1.00; 0.00; 0.00; 0.00; 0.96; 0.00; 0.00; 0.00; 3.88; 0.00; 333.33; 0.00; 1.00; 1.00; 5.00 
2023-11-27 14:26:49:990;0.00; 0.00; 0.000; 3.87; 3.80; 3.79; 0.00; 0.00; 0.00; 0.00; 0.00; 3.80; 0.00; 60.00; 1.00; 0.00; 0.000; 291.01; 0.00; 1.820; 0.00; 65535.00; 40.00; 5.00; 0.00; 255.00; 255.00; 250.00; 0.00; 0.00; 1.00; 0.00; 813594.19; 155635.75; 145209524224.00; 1.00; 0.00; 0.00; 1.00; 0.00; 0.00; 1.00; 0.00; 0.00; 0.00; 0.00; 0.00; 1.00; 0.00; 0.00; 0.00; 0.96; 0.00; 0.00; 0.00; 3.88; 0.00; 333.33; 0.00; 1.00; 1.00; 5.00 
2023-11-27 14:26:50:110;0.00; 0.00; 0.000; 3.87; 3.80; 3.79; 0.00; 0.00; 0.00; 0.00; 0.00; 3.80; 0.00; 60.00; 1.00; 0.00; 0.000; 291.01; 0.00; 1.820; 0.00; 65535.00; 40.00; 5.00; 0.00; 255.00; 255.00; 250.00; 0.00; 0.00; 1.00; 0.00; 813594.19; 155635.75; 145209524224.00; 1.00; 0.00; 0.00; 1.00; 0.00; 0.00; 1.00; 0.00; 0.00; 0.00; 0.00; 0.00; 1.00; 0.00; 0.00; 0.00; 0.96; 0.00; 0.00; 0.00; 3.88; 0.00; 333.33; 0.00; 1.00; 1.00; 5.00 
2023-11-27 14:26:50:230;0.00; 0.00; 0.000; 3.87; 3.80; 3.79; 0.00; 0.00; 0.00; 0.00; 0.00; 3.80; 0.00; 60.00; 1.00; 0.00; 0.000; 291.01; 0.00; 1.820; 0.00; 65535.00; 40.00; 5.00; 0.00; 255.00; 255.00; 250.00; 0.00; 0.00; 1.00; 0.00; 813594.19; 155635.75; 145209524224.00; 1.00; 0.00; 0.00; 1.00; 0.00; 0.00; 1.00; 0.00; 0.00; 0.00; 0.00; 0.00; 1.00; 0.00; 0.00; 0.00; 0.96; 0.00; 0.00; 0.00; 3.88; 0.00; 333.33; 0.00; 1.00; 1.00; 5.00 
2023-11-27 14:26:50:350;0.00; 0.00; 0.000; 3.87; 3.80; 3.79; 0.00; 0.00; 0.00; 0.00; 0.00; 3.80; 0.00; 60.00; 1.00; 0.00; 0.000; 291.01; 0.00; 1.820; 0.00; 65535.00; 40.00; 5.00; 0.00; 255.00; 255.00; 250.00; 0.00; 0.00; 1.00; 0.00; 813594.62; 155635.75; 145209524224.00; 1.00; 0.00; 0.00; 1.00; 0.00; 0.00; 1.00; 0.00; 0.00; 0.00; 0.00; 0.00; 1.00; 0.00; 0.00; 0.00; 0.96; 0.00; 0.00; 0.00; 3.88; 0.00; 333.33; 0.00; 1.00; 1.00; 5.00 
2023-11-27 14:26:50:470;0.00; 0.00; 0.000; 3.87; 3.80; 3.79; 0.00; 0.00; 0.00; 0.00; 0.00; 3.80; 0.00; 60.00; 1.00; 0.00; 0.000; 291.01; 0.00; 1.820; 0.00; 65535.00; 40.00; 5.00; 0.00; 255.00; 255.00; 250.00; 0.00; 0.00; 1.00; 0.00; 813594.62; 155635.75; 145209524224.00; 1.00; 0.00; 0.00; 1.00; 0.00; 0.00; 1.00; 0.00; 0.00; 0.00; 0.00; 0.00; 1.00; 0.00; 0.00; 0.00; 0.96; 0.00; 0.00; 0.00; 3.88; 0.00; 333.33; 0.00; 1.00; 1.00; 5.00 
2023-11-27 14:26:50:590;0.00; 0.00; 0.000; 3.87; 3.80; 3.79; 0.00; 0.00; 0.00; 0.00; 0.00; 3.80; 0.00; 60.00; 1.00; 0.00; 0.000; 291.01; 0.00; 1.820; 0.00; 65535.00; 40.00; 5.00; 0.00; 255.00; 255.00; 250.00; 0.00; 0.00; 1.00; 0.00; 813594.62; 155635.75; 145209524224.00; 1.00; 0.00; 0.00; 1.00; 0.00; 0.00; 1.00; 0.00; 0.00; 0.00; 0.00; 0.00; 1.00; 0.00; 0.00; 0.00; 0.96; 0.00; 0.00; 0.00; 3.88; 0.00; 333.33; 0.00; 1.00; 1.00; 5.00 
2023-11-27 14:26:50:710;0.00; 0.00; 0.000; 3.87; 3.80; 3.79; 0.00; 0.00; 0.00; 0.00; 0.00; 3.80; 0.00; 60.00; 1.00; 0.00; 0.000; 291.01; 0.00; 1.820; 0.00; 65535.00; 40.00; 5.00; 0.00; 255.00; 255.00; 250.00; 0.00; 0.00; 1.00; 0.00; 813594.62; 155635.75; 145209524224.00; 1.00; 0.00; 0.00; 1.00; 0.00; 0.00; 1.00; 0.00; 0.00; 0.00; 0.00; 0.00; 1.00; 0.00; 0.00; 0.00; 0.96; 0.00; 0.00; 0.00; 3.88; 0.00; 333.33; 0.00; 1.00; 1.00; 5.00 
2023-11-27 14:26:50:830;0.00; 0.00; 0.000; 3.87; 3.80; 3.79; 0.00; 0.00; 0.00; 0.00; 0.00; 3.80; 0.00; 60.00; 1.00; 0.00; 0.000; 291.01; 0.00; 1.820; 0.00; 65535.00; 40.00; 5.00; 0.00; 255.00; 255.00; 250.00; 0.00; 0.00; 1.00; 0.00; 813595.00; 155635.75; 145209524224.00; 1.00; 0.00; 0.00; 1.00; 0.00; 0.00; 1.00; 0.00; 0.00; 0.00; 0.00; 0.00; 1.00; 0.00; 0.00; 0.00; 0.96; 0.00; 0.00; 0.00; 3.88; 0.00; 333.33; 0.00; 1.00; 1.00; 5.00 
2023-11-27 14:26:50:950;0.00; 0.00; 0.000; 3.87; 3.80; 3.79; 0.00; 0.00; 0.00; 0.00; 0.00; 3.80; 0.00; 60.00; 1.00; 0.00; 0.000; 291.01; 0.00; 1.820; 0.00; 65535.00; 40.00; 5.00; 0.00; 255.00; 255.00; 250.00; 0.00; 0.00; 1.00; 0.00; 813595.00; 155635.75; 145209524224.00; 1.00; 0.00; 0.00; 1.00; 0.00; 0.00; 1.00; 0.00; 0.00; 0.00; 0.00; 0.00; 1.00; 0.00; 0.00; 0.00; 0.96; 0.00; 0.00; 0.00; 3.88; 0.00; 333.33; 0.00; 1.00; 1.00; 5.00 
2023-11-27 14:26:51:070;0.00; 0.00; 0.000; 3.87; 3.80; 3.79; 0.00; 0.00; 0.00; 0.00; 0.00; 3.80; 0.00; 60.00; 1.00; 0.00; 0.000; 291.01; 0.00; 1.820; 0.00; 65535.00; 40.00; 5.00; 0.00; 255.00; 255.00; 250.00; 0.00; 0.00; 1.00; 0.00; 813595.00; 155635.75; 145209524224.00; 1.00; 0.00; 0.00; 1.00; 0.00; 0.00; 1.00; 0.00; 0.00; 0.00; 0.00; 0.00; 1.00; 0.00; 0.00; 0.00; 0.96; 0.00; 0.00; 0.00; 3.88; 0.00; 333.33; 0.00; 1.00; 1.00; 5.00 
2023-11-27 14:26:51:190;0.00; 0.00; 0.000; 3.87; 3.80; 3.79; 0.00; 0.00; 0.00; 0.00; 0.00; 3.79; 0.00; 60.00; 1.00; 0.00; 0.000; 291.01; 0.00; 1.820; 0.00; 65535.00; 40.00; 5.00; 0.00; 255.00; 255.00; 250.00; 0.00; 0.00; 1.00; 0.00; 813595.00; 155635.75; 145209524224.00; 1.00; 0.00; 0.00; 1.00; 0.00; 0.00; 1.00; 0.00; 0.00; 0.00; 0.00; 0.00; 1.00; 0.00; 0.00; 0.00; 0.96; 0.00; 0.00; 0.00; 3.88; 0.00; 333.33; 0.00; 1.00; 1.00; 5.00 
2023-11-27 14:26:51:310;0.00; 0.00; 0.000; 3.87; 3.80; 3.79; 0.00; 0.00; 0.00; 0.00; 0.00; 3.80; 0.00; 60.00; 1.00; 0.00; 0.000; 291.01; 0.00; 1.820; 0.00; 65535.00; 40.00; 5.00; 0.00; 255.00; 255.00; 250.00; 0.00; 0.00; 1.00; 0.00; 813595.37; 155635.75; 145209524224.00; 1.00; 0.00; 0.00; 1.00; 0.00; 0.00; 1.00; 0.00; 0.00; 0.00; 0.00; 0.00; 1.00; 0.00; 0.00; 0.00; 0.96; 0.00; 0.00; 0.00; 3.88; 0.00; 333.33; 0.00; 1.00; 1.00; 5.00 
2023-11-27 14:26:51:430;0.00; 0.00; 0.000; 3.87; 3.80; 3.79; 0.00; 0.00; 0.00; 0.00; 0.00; 3.80; 0.00; 60.00; 1.00; 0.00; 0.000; 291.01; 0.00; 1.820; 0.00; 65535.00; 40.00; 5.00; 0.00; 255.00; 255.00; 250.00; 0.00; 0.00; 1.00; 0.00; 813595.37; 155635.75; 145209524224.00; 1.00; 0.00; 0.00; 1.00; 0.00; 0.00; 1.00; 0.00; 0.00; 0.00; 0.00; 0.00; 1.00; 0.00; 0.00; 0.00; 0.96; 0.00; 0.00; 0.00; 3.88; 0.00; 333.33; 0.00; 1.00; 1.00; 5.00 
2023-11-27 14:26:51:550;0.00; 0.00; 0.000; 3.87; 3.80; 3.79; 0.00; 0.00; 0.00; 0.00; 0.00; 3.79; 0.00; 60.00; 1.00; 0.00; 0.000; 291.01; 0.00; 1.820; 0.00; 65535.00; 40.00; 5.00; 0.00; 255.00; 255.00; 250.00; 0.00; 0.00; 1.00; 0.00; 813595.37; 155635.75; 145209524224.00; 1.00; 0.00; 0.00; 1.00; 0.00; 0.00; 1.00; 0.00; 0.00; 0.00; 0.00; 0.00; 1.00; 0.00; 0.00; 0.00; 0.96; 0.00; 0.00; 0.00; 3.88; 0.00; 333.33; 0.00; 1.00; 1.00; 5.00 
2023-11-27 14:26:51:670;0.00; 0.00; 0.000; 3.87; 3.80; 3.79; 0.00; 0.00; 0.00; 0.00; 0.00; 3.80; 0.00; 60.00; 1.00; 0.00; 0.000; 291.01; 0.00; 1.820; 0.00; 65535.00; 40.00; 5.00; 0.00; 255.00; 255.00; 250.00; 0.00; 0.00; 1.00; 0.00; 813595.37; 155635.75; 145209524224.00; 1.00; 0.00; 0.00; 1.00; 0.00; 0.00; 1.00; 0.00; 0.00; 0.00; 0.00; 0.00; 1.00; 0.00; 0.00; 0.00; 0.96; 0.00; 0.00; 0.00; 3.88; 0.00; 333.33; 0.00; 1.00; 1.00; 5.00 
2023-11-27 14:26:51:790;0.00; 0.00; 0.000; 3.87; 3.80; 3.79; 0.00; 0.00; 0.00; 0.00; 0.00; 3.79; 0.00; 60.00; 1.00; 0.00; 0.000; 291.01; 0.00; 1.820; 0.00; 65535.00; 40.00; 5.00; 0.00; 255.00; 255.00; 250.00; 0.00; 0.00; 1.00; 0.00; 813595.81; 155635.75; 145209524224.00; 1.00; 0.00; 0.00; 1.00; 0.00; 0.00; 1.00; 0.00; 0.00; 0.00; 0.00; 0.00; 1.00; 0.00; 0.00; 0.00; 0.96; 0.00; 0.00; 0.00; 3.88; 0.00; 333.33; 0.00; 1.00; 1.00; 5.00 
2023-11-27 14:26:51:910;0.00; 0.00; 0.000; 3.87; 3.80; 3.79; 0.00; 0.00; 0.00; 0.00; 0.00; 3.80; 0.00; 60.00; 1.00; 0.00; 0.000; 291.01; 0.00; 1.820; 0.00; 65535.00; 40.00; 5.00; 0.00; 255.00; 255.00; 250.00; 0.00; 0.00; 1.00; 0.00; 813595.81; 155635.75; 145209524224.00; 1.00; 0.00; 0.00; 1.00; 0.00; 0.00; 1.00; 0.00; 0.00; 0.00; 0.00; 0.00; 1.00; 0.00; 0.00; 0.00; 0.96; 0.00; 0.00; 0.00; 3.88; 0.00; 333.33; 0.00; 1.00; 1.00; 5.00 
2023-11-27 14:26:52:030;0.00; 0.00; 0.000; 3.87; 3.80; 3.79; 0.00; 0.00; 0.00; 0.00; 0.00; 3.80; 0.00; 60.00; 1.00; 0.00; 0.000; 291.01; 0.00; 1.820; 0.00; 65535.00; 40.00; 5.00; 0.00; 255.00; 255.00; 250.00; 0.00; 0.00; 1.00; 0.00; 813595.81; 155635.75; 145209524224.00; 1.00; 0.00; 0.00; 1.00; 0.00; 0.00; 1.00; 0.00; 0.00; 0.00; 0.00; 0.00; 1.00; 0.00; 0.00; 0.00; 0.96; 0.00; 0.00; 0.00; 3.88; 0.00; 333.33; 0.00; 1.00; 1.00; 5.00 
2023-11-27 14:26:52:150;0.00; 0.00; 0.000; 3.87; 3.80; 3.79; 0.00; 0.00; 0.00; 0.00; 0.00; 3.79; 0.00; 60.00; 1.00; 0.00; 0.000; 291.01; 0.00; 1.820; 0.00; 65535.00; 40.00; 5.00; 0.00; 255.00; 255.00; 250.00; 0.00; 0.00; 1.00; 0.00; 813595.81; 155635.75; 145209524224.00; 1.00; 0.00; 0.00; 1.00; 0.00; 0.00; 1.00; 0.00; 0.00; 0.00; 0.00; 0.00; 1.00; 0.00; 0.00; 0.00; 0.96; 0.00; 0.00; 0.00; 3.88; 0.00; 333.33; 0.00; 1.00; 1.00; 5.00 
2023-11-27 14:26:52:270;0.00; 0.00; 0.000; 3.87; 3.80; 3.79; 0.00; 0.00; 0.00; 0.00; 0.00; 3.80; 0.00; 60.00; 1.00; 0.00; 0.000; 291.01; 0.00; 1.820; 0.00; 65535.00; 40.00; 5.00; 0.00; 255.00; 255.00; 250.00; 0.00; 0.00; 1.00; 0.00; 813596.19; 155635.75; 145209524224.00; 1.00; 0.00; 0.00; 1.00; 0.00; 0.00; 1.00; 0.00; 0.00; 0.00; 0.00; 0.00; 1.00; 0.00; 0.00; 0.00; 0.96; 0.00; 0.00; 0.00; 3.88; 0.00; 333.33; 0.00; 1.00; 1.00; 5.00 
2023-11-27 14:26:52:390;0.00; 0.00; 0.000; 3.87; 3.80; 3.79; 0.00; 0.00; 0.00; 0.00; 0.00; 3.79; 0.00; 60.00; 1.00; 0.00; 0.000; 291.01; 0.00; 1.820; 0.00; 65535.00; 40.00; 5.00; 0.00; 255.00; 255.00; 250.00; 0.00; 0.00; 1.00; 0.00; 813596.19; 155635.75; 145209524224.00; 1.00; 0.00; 0.00; 1.00; 0.00; 0.00; 1.00; 0.00; 0.00; 0.00; 0.00; 0.00; 1.00; 0.00; 0.00; 0.00; 0.96; 0.00; 0.00; 0.00; 3.88; 0.00; 333.33; 0.00; 1.00; 1.00; 5.00 
2023-11-27 14:26:52:510;0.00; 0.00; 0.000; 3.87; 3.80; 3.79; 0.00; 0.00; 0.00; 0.00; 0.00; 3.80; 0.00; 60.00; 1.00; 0.00; 0.000; 291.01; 0.00; 1.820; 0.00; 65535.00; 40.00; 5.00; 0.00; 255.00; 255.00; 250.00; 0.00; 0.00; 1.00; 0.00; 813596.19; 155635.75; 145209524224.00; 1.00; 0.00; 0.00; 1.00; 0.00; 0.00; 1.00; 0.00; 0.00; 0.00; 0.00; 0.00; 1.00; 0.00; 0.00; 0.00; 0.96; 0.00; 0.00; 0.00; 3.88; 0.00; 333.33; 0.00; 1.00; 1.00; 5.00 
2023-11-27 14:26:52:630;0.00; 0.00; 0.000; 3.87; 3.80; 3.79; 0.00; 0.00; 0.00; 0.00; 0.00; 3.79; 0.00; 60.00; 1.00; 0.00; 0.000; 291.01; 0.00; 1.820; 0.00; 65535.00; 40.00; 5.00; 0.00; 255.00; 255.00; 250.00; 0.00; 0.00; 1.00; 0.00; 813596.19; 155635.75; 145209524224.00; 1.00; 0.00; 0.00; 1.00; 0.00; 0.00; 1.00; 0.00; 0.00; 0.00; 0.00; 0.00; 1.00; 0.00; 0.00; 0.00; 0.96; 0.00; 0.00; 0.00; 3.88; 0.00; 333.33; 0.00; 1.00; 1.00; 5.00 
2023-11-27 14:26:52:750;0.00; 0.00; 0.000; 3.87; 3.80; 3.79; 0.00; 0.00; 0.00; 0.00; 0.00; 3.79; 0.00; 60.00; 1.00; 0.00; 0.000; 291.01; 0.00; 1.820; 0.00; 65535.00; 40.00; 5.00; 0.00; 255.00; 255.00; 250.00; 0.00; 0.00; 1.00; 0.00; 813596.69; 155635.75; 145209524224.00; 1.00; 0.00; 0.00; 1.00; 0.00; 0.00; 1.00; 0.00; 0.00; 0.00; 0.00; 0.00; 1.00; 0.00; 0.00; 0.00; 0.96; 0.00; 0.00; 0.00; 3.88; 0.00; 333.33; 0.00; 1.00; 1.00; 5.00 
2023-11-27 14:26:52:870;0.00; 0.00; 0.000; 3.87; 3.80; 3.79; 0.00; 0.00; 0.00; 0.00; 0.00; 3.80; 0.00; 60.00; 1.00; 0.00; 0.000; 291.01; 0.00; 1.820; 0.00; 65535.00; 40.00; 5.00; 0.00; 255.00; 255.00; 250.00; 0.00; 0.00; 1.00; 0.00; 813596.69; 155635.75; 145209524224.00; 1.00; 0.00; 0.00; 1.00; 0.00; 0.00; 1.00; 0.00; 0.00; 0.00; 0.00; 0.00; 1.00; 0.00; 0.00; 0.00; 0.96; 0.00; 0.00; 0.00; 3.88; 0.00; 333.33; 0.00; 1.00; 1.00; 5.00 
2023-11-27 14:26:52:990;0.00; 0.00; 0.000; 3.87; 3.80; 3.79; 0.00; 0.00; 0.00; 0.00; 0.00; 3.79; 0.00; 60.00; 1.00; 0.00; 0.000; 291.01; 0.00; 1.820; 0.00; 65535.00; 40.00; 5.00; 0.00; 255.00; 255.00; 250.00; 0.00; 0.00; 1.00; 0.00; 813596.69; 155635.75; 145209524224.00; 1.00; 0.00; 0.00; 1.00; 0.00; 0.00; 1.00; 0.00; 0.00; 0.00; 0.00; 0.00; 1.00; 0.00; 0.00; 0.00; 0.96; 0.00; 0.00; 0.00; 3.88; 0.00; 333.33; 0.00; 1.00; 1.00; 5.00 
2023-11-27 14:26:53:110;0.00; 0.00; 0.000; 3.87; 3.80; 3.79; 0.00; 0.00; 0.00; 0.00; 0.00; 3.80; 0.00; 60.00; 1.00; 0.00; 0.000; 291.01; 0.00; 1.820; 0.00; 65535.00; 40.00; 5.00; 0.00; 255.00; 255.00; 250.00; 0.00; 0.00; 1.00; 0.00; 813596.69; 155635.75; 145209524224.00; 1.00; 0.00; 0.00; 1.00; 0.00; 0.00; 1.00; 0.00; 0.00; 0.00; 0.00; 0.00; 1.00; 0.00; 0.00; 0.00; 0.96; 0.00; 0.00; 0.00; 3.88; 0.00; 333.33; 0.00; 1.00; 1.00; 5.00 
2023-11-27 14:26:53:230;0.00; 0.00; 0.000; 3.87; 3.80; 3.79; 0.00; 0.00; 0.00; 0.00; 0.00; 3.79; 0.00; 60.00; 1.00; 0.00; 0.000; 291.01; 0.00; 1.820; 0.00; 65535.00; 40.00; 5.00; 0.00; 255.00; 255.00; 250.00; 0.00; 0.00; 1.00; 0.00; 813596.69; 155635.75; 145209524224.00; 1.00; 0.00; 0.00; 1.00; 0.00; 0.00; 1.00; 0.00; 0.00; 0.00; 0.00; 0.00; 1.00; 0.00; 0.00; 0.00; 0.96; 0.00; 0.00; 0.00; 3.88; 0.00; 333.33; 0.00; 1.00; 1.00; 5.00 
2023-11-27 14:26:53:350;0.00; 0.00; 0.000; 3.87; 3.80; 3.79; 0.00; 0.00; 0.00; 0.00; 0.00; 3.79; 0.00; 60.00; 1.00; 0.00; 0.000; 291.01; 0.00; 1.820; 0.00; 65535.00; 40.00; 5.00; 0.00; 255.00; 255.00; 250.00; 0.00; 0.00; 1.00; 0.00; 813597.12; 155635.75; 145209524224.00; 1.00; 0.00; 0.00; 1.00; 0.00; 0.00; 1.00; 0.00; 0.00; 0.00; 0.00; 0.00; 1.00; 0.00; 0.00; 0.00; 0.96; 0.00; 0.00; 0.00; 3.88; 0.00; 333.33; 0.00; 1.00; 1.00; 5.00 
2023-11-27 14:26:53:470;0.00; 0.00; 0.000; 3.87; 3.80; 3.79; 0.00; 0.00; 0.00; 0.00; 0.00; 3.79; 0.00; 60.00; 1.00; 0.00; 0.000; 291.01; 0.00; 1.820; 0.00; 65535.00; 40.00; 5.00; 0.00; 255.00; 255.00; 250.00; 0.00; 0.00; 1.00; 0.00; 813597.12; 155635.75; 145209524224.00; 1.00; 0.00; 0.00; 1.00; 0.00; 0.00; 1.00; 0.00; 0.00; 0.00; 0.00; 0.00; 1.00; 0.00; 0.00; 0.00; 0.96; 0.00; 0.00; 0.00; 3.88; 0.00; 333.33; 0.00; 1.00; 1.00; 5.00 
2023-11-27 14:26:53:590;0.00; 0.00; 0.000; 3.87; 3.80; 3.79; 0.00; 0.00; 0.00; 0.00; 0.00; 3.79; 0.00; 60.00; 1.00; 0.00; 0.000; 291.01; 0.00; 1.820; 0.00; 65535.00; 40.00; 5.00; 0.00; 255.00; 255.00; 250.00; 0.00; 0.00; 1.00; 0.00; 813597.12; 155635.75; 145209524224.00; 1.00; 0.00; 0.00; 1.00; 0.00; 0.00; 1.00; 0.00; 0.00; 0.00; 0.00; 0.00; 1.00; 0.00; 0.00; 0.00; 0.96; 0.00; 0.00; 0.00; 3.88; 0.00; 333.33; 0.00; 1.00; 1.00; 5.00 
2023-11-27 14:26:53:710;0.00; 0.00; 0.000; 3.87; 3.80; 3.79; 0.00; 0.00; 0.00; 0.00; 0.00; 3.79; 0.00; 60.00; 1.00; 0.00; 0.000; 291.01; 0.00; 1.820; 0.00; 65535.00; 40.00; 5.00; 0.00; 255.00; 255.00; 250.00; 0.00; 0.00; 1.00; 0.00; 813597.12; 155635.75; 145209524224.00; 1.00; 0.00; 0.00; 1.00; 0.00; 0.00; 1.00; 0.00; 0.00; 0.00; 0.00; 0.00; 1.00; 0.00; 0.00; 0.00; 0.96; 0.00; 0.00; 0.00; 3.88; 0.00; 333.33; 0.00; 1.00; 1.00; 5.00 
2023-11-27 14:26:53:830;0.00; 0.00; 0.000; 3.87; 3.80; 3.79; 0.00; 0.00; 0.00; 0.00; 0.00; 3.79; 0.00; 60.00; 1.00; 0.00; 0.000; 291.01; 0.00; 1.820; 0.00; 65535.00; 40.00; 5.00; 0.00; 255.00; 255.00; 250.00; 0.00; 0.00; 1.00; 0.00; 813597.50; 155635.75; 145209524224.00; 1.00; 0.00; 0.00; 1.00; 0.00; 0.00; 1.00; 0.00; 0.00; 0.00; 0.00; 0.00; 1.00; 0.00; 0.00; 0.00; 0.96; 0.00; 0.00; 0.00; 3.88; 0.00; 333.33; 0.00; 1.00; 1.00; 5.00 
2023-11-27 14:26:53:950;0.00; 0.00; 0.000; 3.87; 3.80; 3.79; 0.00; 0.00; 0.00; 0.00; 0.00; 3.80; 0.00; 60.00; 1.00; 0.00; 0.000; 291.01; 0.00; 1.820; 0.00; 65535.00; 40.00; 5.00; 0.00; 255.00; 255.00; 250.00; 0.00; 0.00; 1.00; 0.00; 813597.50; 155635.75; 145209524224.00; 1.00; 0.00; 0.00; 1.00; 0.00; 0.00; 1.00; 0.00; 0.00; 0.00; 0.00; 0.00; 1.00; 0.00; 0.00; 0.00; 0.96; 0.00; 0.00; 0.00; 3.88; 0.00; 333.33; 0.00; 1.00; 1.00; 5.00 
2023-11-27 14:26:54:070;0.00; 0.00; 0.000; 3.87; 3.80; 3.79; 0.00; 0.00; 0.00; 0.00; 0.00; 3.79; 0.00; 60.00; 1.00; 0.00; 0.000; 291.01; 0.00; 1.820; 0.00; 65535.00; 40.00; 5.00; 0.00; 255.00; 255.00; 250.00; 0.00; 0.00; 1.00; 0.00; 813597.50; 155635.75; 145209524224.00; 1.00; 0.00; 0.00; 1.00; 0.00; 0.00; 1.00; 0.00; 0.00; 0.00; 0.00; 0.00; 1.00; 0.00; 0.00; 0.00; 0.96; 0.00; 0.00; 0.00; 3.88; 0.00; 333.33; 0.00; 1.00; 1.00; 5.00 
2023-11-27 14:26:54:190;0.00; 0.00; 0.000; 3.87; 3.80; 3.79; 0.00; 0.00; 0.00; 0.00; 0.00; 3.80; 0.00; 60.00; 1.00; 0.00; 0.000; 291.01; 0.00; 1.820; 0.00; 65535.00; 40.00; 5.00; 0.00; 255.00; 255.00; 250.00; 0.00; 0.00; 1.00; 0.00; 813597.50; 155635.75; 145209524224.00; 1.00; 0.00; 0.00; 1.00; 0.00; 0.00; 1.00; 0.00; 0.00; 0.00; 0.00; 0.00; 1.00; 0.00; 0.00; 0.00; 0.96; 0.00; 0.00; 0.00; 3.88; 0.00; 333.33; 0.00; 1.00; 1.00; 5.00 
2023-11-27 14:26:54:310;0.00; 0.00; 0.000; 3.87; 3.80; 3.79; 0.00; 0.00; 0.00; 0.00; 0.00; 3.79; 0.00; 60.00; 1.00; 0.00; 0.000; 291.01; 0.00; 1.820; 0.00; 65535.00; 40.00; 5.00; 0.00; 255.00; 255.00; 250.00; 0.00; 0.00; 1.00; 0.00; 813597.87; 155635.75; 145209524224.00; 1.00; 0.00; 0.00; 1.00; 0.00; 0.00; 1.00; 0.00; 0.00; 0.00; 0.00; 0.00; 1.00; 0.00; 0.00; 0.00; 0.96; 0.00; 0.00; 0.00; 3.88; 0.00; 333.33; 0.00; 1.00; 1.00; 5.00 
2023-11-27 14:26:54:430;0.00; 0.00; 0.000; 3.87; 3.80; 3.79; 0.00; 0.00; 0.00; 0.00; 0.00; 3.79; 0.00; 60.00; 1.00; 0.00; 0.000; 291.01; 0.00; 1.820; 0.00; 65535.00; 40.00; 5.00; 0.00; 255.00; 255.00; 250.00; 0.00; 0.00; 1.00; 0.00; 813597.87; 155635.75; 145209524224.00; 1.00; 0.00; 0.00; 1.00; 0.00; 0.00; 1.00; 0.00; 0.00; 0.00; 0.00; 0.00; 1.00; 0.00; 0.00; 0.00; 0.96; 0.00; 0.00; 0.00; 3.88; 0.00; 333.33; 0.00; 1.00; 1.00; 5.00 
2023-11-27 14:26:54:550;0.00; 0.00; 0.000; 3.87; 3.80; 3.79; 0.00; 0.00; 0.00; 0.00; 0.00; 3.79; 0.00; 60.00; 1.00; 0.00; 0.000; 291.01; 0.00; 1.820; 0.00; 65535.00; 40.00; 5.00; 0.00; 255.00; 255.00; 250.00; 0.00; 0.00; 1.00; 0.00; 813597.87; 155635.75; 145209524224.00; 1.00; 0.00; 0.00; 1.00; 0.00; 0.00; 1.00; 0.00; 0.00; 0.00; 0.00; 0.00; 1.00; 0.00; 0.00; 0.00; 0.96; 0.00; 0.00; 0.00; 3.88; 0.00; 333.33; 0.00; 1.00; 1.00; 5.00 
2023-11-27 14:26:54:670;0.00; 0.00; 0.000; 3.87; 3.80; 3.79; 0.00; 0.00; 0.00; 0.00; 0.00; 3.79; 0.00; 60.00; 1.00; 0.00; 0.000; 291.01; 0.00; 1.820; 0.00; 65535.00; 40.00; 5.00; 0.00; 255.00; 255.00; 250.00; 0.00; 0.00; 1.00; 0.00; 813597.87; 155635.75; 145209524224.00; 1.00; 0.00; 0.00; 1.00; 0.00; 0.00; 1.00; 0.00; 0.00; 0.00; 0.00; 0.00; 1.00; 0.00; 0.00; 0.00; 0.96; 0.00; 0.00; 0.00; 3.88; 0.00; 333.33; 0.00; 1.00; 1.00; 5.00 
2023-11-27 14:26:54:790;0.00; 0.00; 0.000; 3.87; 3.80; 3.79; 0.00; 0.00; 0.00; 0.00; 0.00; 3.79; 0.00; 60.00; 1.00; 0.00; 0.000; 291.01; 0.00; 1.820; 0.00; 65535.00; 40.00; 5.00; 0.00; 255.00; 255.00; 250.00; 0.00; 0.00; 1.00; 0.00; 813598.31; 155635.75; 145209524224.00; 1.00; 0.00; 0.00; 1.00; 0.00; 0.00; 1.00; 0.00; 0.00; 0.00; 0.00; 0.00; 1.00; 0.00; 0.00; 0.00; 0.96; 0.00; 0.00; 0.00; 3.88; 0.00; 333.33; 0.00; 1.00; 1.00; 5.00 
2023-11-27 14:26:54:910;0.00; 0.00; 0.000; 3.87; 3.80; 3.79; 0.00; 0.00; 0.00; 0.00; 0.00; 3.79; 0.00; 60.00; 1.00; 0.00; 0.000; 291.01; 0.00; 1.820; 0.00; 65535.00; 40.00; 5.00; 0.00; 255.00; 255.00; 250.00; 0.00; 0.00; 1.00; 0.00; 813598.31; 155635.75; 145209524224.00; 1.00; 0.00; 0.00; 1.00; 0.00; 0.00; 1.00; 0.00; 0.00; 0.00; 0.00; 0.00; 1.00; 0.00; 0.00; 0.00; 0.96; 0.00; 0.00; 0.00; 3.88; 0.00; 333.33; 0.00; 1.00; 1.00; 5.00 
2023-11-27 14:26:55:030;0.00; 0.00; 0.000; 3.87; 3.80; 3.79; 0.00; 0.00; 0.00; 0.00; 0.00; 3.79; 0.00; 60.00; 1.00; 0.00; 0.000; 291.01; 0.00; 1.820; 0.00; 65535.00; 40.00; 5.00; 0.00; 255.00; 255.00; 250.00; 0.00; 0.00; 1.00; 0.00; 813598.31; 155635.75; 145209524224.00; 1.00; 0.00; 0.00; 1.00; 0.00; 0.00; 1.00; 0.00; 0.00; 0.00; 0.00; 0.00; 1.00; 0.00; 0.00; 0.00; 0.96; 0.00; 0.00; 0.00; 3.88; 0.00; 333.33; 0.00; 1.00; 1.00; 5.00 
2023-11-27 14:26:55:150;0.00; 0.00; 0.000; 3.87; 3.80; 3.79; 0.00; 0.00; 0.00; 0.00; 0.00; 3.79; 0.00; 60.00; 1.00; 0.00; 0.000; 291.01; 0.00; 1.820; 0.00; 65535.00; 40.00; 5.00; 0.00; 255.00; 255.00; 250.00; 0.00; 0.00; 1.00; 0.00; 813598.31; 155635.75; 145209524224.00; 1.00; 0.00; 0.00; 1.00; 0.00; 0.00; 1.00; 0.00; 0.00; 0.00; 0.00; 0.00; 1.00; 0.00; 0.00; 0.00; 0.96; 0.00; 0.00; 0.00; 3.88; 0.00; 333.33; 0.00; 1.00; 1.00; 5.00 
2023-11-27 14:26:55:270;0.00; 0.00; 0.000; 3.87; 3.80; 3.79; 0.00; 0.00; 0.00; 0.00; 0.00; 3.79; 0.00; 60.00; 1.00; 0.00; 0.000; 291.01; 0.00; 1.820; 0.00; 65535.00; 40.00; 5.00; 0.00; 255.00; 255.00; 250.00; 0.00; 0.00; 1.00; 0.00; 813598.69; 155635.75; 145209524224.00; 1.00; 0.00; 0.00; 1.00; 0.00; 0.00; 1.00; 0.00; 0.00; 0.00; 0.00; 0.00; 1.00; 0.00; 0.00; 0.00; 0.96; 0.00; 0.00; 0.00; 3.88; 0.00; 333.33; 0.00; 1.00; 1.00; 5.00 
2023-11-27 14:26:55:390;0.00; 0.00; 0.000; 3.87; 3.80; 3.79; 0.00; 0.00; 0.00; 0.00; 0.00; 3.79; 0.00; 60.00; 1.00; 0.00; 0.000; 291.01; 0.00; 1.820; 0.00; 65535.00; 40.00; 5.00; 0.00; 255.00; 255.00; 250.00; 0.00; 0.00; 1.00; 0.00; 813598.69; 155635.75; 145209524224.00; 1.00; 0.00; 0.00; 1.00; 0.00; 0.00; 1.00; 0.00; 0.00; 0.00; 0.00; 0.00; 1.00; 0.00; 0.00; 0.00; 0.96; 0.00; 0.00; 0.00; 3.88; 0.00; 333.33; 0.00; 1.00; 1.00; 5.00 
2023-11-27 14:26:55:510;0.00; 0.00; 0.000; 3.87; 3.80; 3.79; 0.00; 0.00; 0.00; 0.00; 0.00; 3.79; 0.00; 60.00; 1.00; 0.00; 0.000; 291.01; 0.00; 1.820; 0.00; 65535.00; 40.00; 5.00; 0.00; 255.00; 255.00; 250.00; 0.00; 0.00; 1.00; 0.00; 813598.69; 155635.75; 145209524224.00; 1.00; 0.00; 0.00; 1.00; 0.00; 0.00; 1.00; 0.00; 0.00; 0.00; 0.00; 0.00; 1.00; 0.00; 0.00; 0.00; 0.96; 0.00; 0.00; 0.00; 3.88; 0.00; 333.33; 0.00; 1.00; 1.00; 5.00 
2023-11-27 14:26:55:630;0.00; 0.00; 0.000; 3.87; 3.80; 3.79; 0.00; 0.00; 0.00; 0.00; 0.00; 3.79; 0.00; 60.00; 1.00; 0.00; 0.000; 291.01; 0.00; 1.820; 0.00; 65535.00; 40.00; 5.00; 0.00; 255.00; 255.00; 250.00; 0.00; 0.00; 1.00; 0.00; 813598.69; 155635.75; 145209524224.00; 1.00; 0.00; 0.00; 1.00; 0.00; 0.00; 1.00; 0.00; 0.00; 0.00; 0.00; 0.00; 1.00; 0.00; 0.00; 0.00; 0.96; 0.00; 0.00; 0.00; 3.88; 0.00; 333.33; 0.00; 1.00; 1.00; 5.00 
2023-11-27 14:26:55:750;0.00; 0.00; 0.000; 3.87; 3.80; 3.79; 0.00; 0.00; 0.00; 0.00; 0.00; 3.79; 0.00; 60.00; 1.00; 0.00; 0.000; 291.01; 0.00; 1.820; 0.00; 65535.00; 40.00; 5.00; 0.00; 255.00; 255.00; 250.00; 0.00; 0.00; 1.00; 0.00; 813599.19; 155635.75; 145209524224.00; 1.00; 0.00; 0.00; 1.00; 0.00; 0.00; 1.00; 0.00; 0.00; 0.00; 0.00; 0.00; 1.00; 0.00; 0.00; 0.00; 0.96; 0.00; 0.00; 0.00; 3.88; 0.00; 333.33; 0.00; 1.00; 1.00; 5.00 
2023-11-27 14:26:55:870;0.00; 0.00; 0.000; 3.87; 3.80; 3.79; 0.00; 0.00; 0.00; 0.00; 0.00; 3.79; 0.00; 60.00; 1.00; 0.00; 0.000; 291.01; 0.00; 1.820; 0.00; 65535.00; 40.00; 5.00; 0.00; 255.00; 255.00; 250.00; 0.00; 0.00; 1.00; 0.00; 813599.19; 155635.75; 145209524224.00; 1.00; 0.00; 0.00; 1.00; 0.00; 0.00; 1.00; 0.00; 0.00; 0.00; 0.00; 0.00; 1.00; 0.00; 0.00; 0.00; 0.96; 0.00; 0.00; 0.00; 3.88; 0.00; 333.33; 0.00; 1.00; 1.00; 5.00 
2023-11-27 14:26:55:990;0.00; 0.00; 0.000; 3.87; 3.80; 3.79; 0.00; 0.00; 0.00; 0.00; 0.00; 3.79; 0.00; 60.00; 1.00; 0.00; 0.000; 291.01; 0.00; 1.820; 0.00; 65535.00; 40.00; 5.00; 0.00; 255.00; 255.00; 250.00; 0.00; 0.00; 1.00; 0.00; 813599.19; 155635.75; 145209524224.00; 1.00; 0.00; 0.00; 1.00; 0.00; 0.00; 1.00; 0.00; 0.00; 0.00; 0.00; 0.00; 1.00; 0.00; 0.00; 0.00; 0.96; 0.00; 0.00; 0.00; 3.88; 0.00; 333.33; 0.00; 1.00; 1.00; 5.00 
2023-11-27 14:26:56:110;0.00; 0.00; 0.000; 3.87; 3.80; 3.79; 0.00; 0.00; 0.00; 0.00; 0.00; 3.79; 0.00; 60.00; 1.00; 0.00; 0.000; 291.01; 0.00; 1.820; 0.00; 65535.00; 40.00; 5.00; 0.00; 255.00; 255.00; 250.00; 0.00; 0.00; 1.00; 0.00; 813599.19; 155635.75; 145209524224.00; 1.00; 0.00; 0.00; 1.00; 0.00; 0.00; 1.00; 0.00; 0.00; 0.00; 0.00; 0.00; 1.00; 0.00; 0.00; 0.00; 0.96; 0.00; 0.00; 0.00; 3.88; 0.00; 333.33; 0.00; 1.00; 1.00; 5.00 
2023-11-27 14:26:56:230;0.00; 0.00; 0.000; 3.87; 3.80; 3.79; 0.00; 0.00; 0.00; 0.00; 0.00; 3.79; 0.00; 60.00; 1.00; 0.00; 0.000; 291.01; 0.00; 1.820; 0.00; 65535.00; 40.00; 5.00; 0.00; 255.00; 255.00; 250.00; 0.00; 0.00; 1.00; 0.00; 813599.19; 155635.75; 145209524224.00; 1.00; 0.00; 0.00; 1.00; 0.00; 0.00; 1.00; 0.00; 0.00; 0.00; 0.00; 0.00; 1.00; 0.00; 0.00; 0.00; 0.96; 0.00; 0.00; 0.00; 3.88; 0.00; 333.33; 0.00; 1.00; 1.00; 5.00 
2023-11-27 14:26:56:350;0.00; 0.00; 0.000; 3.87; 3.80; 3.79; 0.00; 0.00; 0.00; 0.00; 0.00; 3.79; 0.00; 60.00; 1.00; 0.00; 0.000; 291.01; 0.00; 1.820; 0.00; 65535.00; 40.00; 5.00; 0.00; 255.00; 255.00; 250.00; 0.00; 0.00; 1.00; 0.00; 813599.62; 155635.75; 145209524224.00; 1.00; 0.00; 0.00; 1.00; 0.00; 0.00; 1.00; 0.00; 0.00; 0.00; 0.00; 0.00; 1.00; 0.00; 0.00; 0.00; 0.96; 0.00; 0.00; 0.00; 3.88; 0.00; 333.33; 0.00; 1.00; 1.00; 5.00 
2023-11-27 14:26:56:470;0.00; 0.00; 0.000; 3.87; 3.80; 3.79; 0.00; 0.00; 0.00; 0.00; 0.00; 3.79; 0.00; 60.00; 1.00; 0.00; 0.000; 291.01; 0.00; 1.820; 0.00; 65535.00; 40.00; 5.00; 0.00; 255.00; 255.00; 250.00; 0.00; 0.00; 1.00; 0.00; 813599.62; 155635.75; 145209524224.00; 1.00; 0.00; 0.00; 1.00; 0.00; 0.00; 1.00; 0.00; 0.00; 0.00; 0.00; 0.00; 1.00; 0.00; 0.00; 0.00; 0.96; 0.00; 0.00; 0.00; 3.88; 0.00; 333.33; 0.00; 1.00; 1.00; 5.00 
2023-11-27 14:26:56:590;0.00; 0.00; 0.000; 3.87; 3.80; 3.79; 0.00; 0.00; 0.00; 0.00; 0.00; 3.79; 0.00; 60.00; 1.00; 0.00; 0.000; 291.01; 0.00; 1.820; 0.00; 65535.00; 40.00; 5.00; 0.00; 255.00; 255.00; 250.00; 0.00; 0.00; 1.00; 0.00; 813599.62; 155635.75; 145209524224.00; 1.00; 0.00; 0.00; 1.00; 0.00; 0.00; 1.00; 0.00; 0.00; 0.00; 0.00; 0.00; 1.00; 0.00; 0.00; 0.00; 0.96; 0.00; 0.00; 0.00; 3.88; 0.00; 333.33; 0.00; 1.00; 1.00; 5.00 
2023-11-27 14:26:56:710;0.00; 0.00; 0.000; 3.87; 3.80; 3.79; 0.00; 0.00; 0.00; 0.00; 0.00; 3.79; 0.00; 60.00; 1.00; 0.00; 0.000; 291.01; 0.00; 1.820; 0.00; 65535.00; 40.00; 5.00; 0.00; 255.00; 255.00; 250.00; 0.00; 0.00; 1.00; 0.00; 813599.62; 155635.75; 145209524224.00; 1.00; 0.00; 0.00; 1.00; 0.00; 0.00; 1.00; 0.00; 0.00; 0.00; 0.00; 0.00; 1.00; 0.00; 0.00; 0.00; 0.96; 0.00; 0.00; 0.00; 3.88; 0.00; 333.33; 0.00; 1.00; 1.00; 5.00 
2023-11-27 14:26:56:830;0.00; 0.00; 0.000; 3.87; 3.80; 3.79; 0.00; 0.00; 0.00; 0.00; 0.00; 3.79; 0.00; 60.00; 1.00; 0.00; 0.000; 291.01; 0.00; 1.820; 0.00; 65535.00; 40.00; 5.00; 0.00; 255.00; 255.00; 250.00; 0.00; 0.00; 1.00; 0.00; 813600.00; 155635.75; 145209524224.00; 1.00; 0.00; 0.00; 1.00; 0.00; 0.00; 1.00; 0.00; 0.00; 0.00; 0.00; 0.00; 1.00; 0.00; 0.00; 0.00; 0.96; 0.00; 0.00; 0.00; 3.88; 0.00; 333.33; 0.00; 1.00; 1.00; 5.00 
2023-11-27 14:26:56:950;0.00; 0.00; 0.000; 3.87; 3.80; 3.79; 0.00; 0.00; 0.00; 0.00; 0.00; 3.79; 0.00; 60.00; 1.00; 0.00; 0.000; 291.01; 0.00; 1.820; 0.00; 65535.00; 40.00; 5.00; 0.00; 255.00; 255.00; 250.00; 0.00; 0.00; 1.00; 0.00; 813600.00; 155635.75; 145209524224.00; 1.00; 0.00; 0.00; 1.00; 0.00; 0.00; 1.00; 0.00; 0.00; 0.00; 0.00; 0.00; 1.00; 0.00; 0.00; 0.00; 0.96; 0.00; 0.00; 0.00; 3.88; 0.00; 333.33; 0.00; 1.00; 1.00; 5.00 
2023-11-27 14:26:57:070;0.00; 0.00; 0.000; 3.87; 3.80; 3.79; 0.00; 0.00; 0.00; 0.00; 0.00; 3.79; 0.00; 60.00; 1.00; 0.00; 0.000; 291.01; 0.00; 1.820; 0.00; 65535.00; 40.00; 5.00; 0.00; 255.00; 255.00; 250.00; 0.00; 0.00; 1.00; 0.00; 813600.00; 155635.75; 145209524224.00; 1.00; 0.00; 0.00; 1.00; 0.00; 0.00; 1.00; 0.00; 0.00; 0.00; 0.00; 0.00; 1.00; 0.00; 0.00; 0.00; 0.96; 0.00; 0.00; 0.00; 3.88; 0.00; 333.33; 0.00; 1.00; 1.00; 5.00 
2023-11-27 14:26:57:190;0.00; 0.00; 0.000; 3.87; 3.80; 3.79; 0.00; 0.00; 0.00; 0.00; 0.00; 3.79; 0.00; 60.00; 1.00; 0.00; 0.000; 291.01; 0.00; 1.820; 0.00; 65535.00; 40.00; 5.00; 0.00; 255.00; 255.00; 250.00; 0.00; 0.00; 1.00; 0.00; 813600.00; 155635.75; 145209524224.00; 1.00; 0.00; 0.00; 1.00; 0.00; 0.00; 1.00; 0.00; 0.00; 0.00; 0.00; 0.00; 1.00; 0.00; 0.00; 0.00; 0.96; 0.00; 0.00; 0.00; 3.88; 0.00; 333.33; 0.00; 1.00; 1.00; 5.00 
2023-11-27 14:26:57:310;0.00; 0.00; 0.000; 3.87; 3.80; 3.79; 0.00; 0.00; 0.00; 0.00; 0.00; 3.79; 0.00; 60.00; 1.00; 0.00; 0.000; 291.01; 0.00; 1.820; 0.00; 65535.00; 40.00; 5.00; 0.00; 255.00; 255.00; 250.00; 0.00; 0.00; 1.00; 0.00; 813600.37; 155635.75; 145209524224.00; 1.00; 0.00; 0.00; 1.00; 0.00; 0.00; 1.00; 0.00; 0.00; 0.00; 0.00; 0.00; 1.00; 0.00; 0.00; 0.00; 0.96; 0.00; 0.00; 0.00; 3.88; 0.00; 333.33; 0.00; 1.00; 1.00; 5.00 
2023-11-27 14:26:57:430;0.00; 0.00; 0.000; 3.87; 3.80; 3.79; 0.00; 0.00; 0.00; 0.00; 0.00; 3.79; 0.00; 60.00; 1.00; 0.00; 0.000; 291.01; 0.00; 1.820; 0.00; 65535.00; 40.00; 5.00; 0.00; 255.00; 255.00; 250.00; 0.00; 0.00; 1.00; 0.00; 813600.37; 155635.75; 145209524224.00; 1.00; 0.00; 0.00; 1.00; 0.00; 0.00; 1.00; 0.00; 0.00; 0.00; 0.00; 0.00; 1.00; 0.00; 0.00; 0.00; 0.96; 0.00; 0.00; 0.00; 3.88; 0.00; 333.33; 0.00; 1.00; 1.00; 5.00 
2023-11-27 14:26:57:550;0.00; 0.00; 0.000; 3.87; 3.80; 3.79; 0.00; 0.00; 0.00; 0.00; 0.00; 3.79; 0.00; 60.00; 1.00; 0.00; 0.000; 291.01; 0.00; 1.820; 0.00; 65535.00; 40.00; 5.00; 0.00; 255.00; 255.00; 250.00; 0.00; 0.00; 1.00; 0.00; 813600.37; 155635.75; 145209524224.00; 1.00; 0.00; 0.00; 1.00; 0.00; 0.00; 1.00; 0.00; 0.00; 0.00; 0.00; 0.00; 1.00; 0.00; 0.00; 0.00; 0.96; 0.00; 0.00; 0.00; 3.88; 0.00; 333.33; 0.00; 1.00; 1.00; 5.00 
2023-11-27 14:26:57:670;0.00; 0.00; 0.000; 3.87; 3.80; 3.79; 0.00; 0.00; 0.00; 0.00; 0.00; 3.79; 0.00; 60.00; 1.00; 0.00; 0.000; 291.01; 0.00; 1.820; 0.00; 65535.00; 40.00; 5.00; 0.00; 255.00; 255.00; 250.00; 0.00; 0.00; 1.00; 0.00; 813600.37; 155635.75; 145209524224.00; 1.00; 0.00; 0.00; 1.00; 0.00; 0.00; 1.00; 0.00; 0.00; 0.00; 0.00; 0.00; 1.00; 0.00; 0.00; 0.00; 0.96; 0.00; 0.00; 0.00; 3.87; 0.00; 333.33; 0.00; 1.00; 1.00; 5.00 
2023-11-27 14:26:57:790;0.00; 0.00; 0.000; 3.87; 3.80; 3.79; 0.00; 0.00; 0.00; 0.00; 0.00; 3.79; 0.00; 60.00; 1.00; 0.00; 0.000; 291.01; 0.00; 1.820; 0.00; 65535.00; 40.00; 5.00; 0.00; 255.00; 255.00; 250.00; 0.00; 0.00; 1.00; 0.00; 813600.81; 155635.75; 145209524224.00; 1.00; 0.00; 0.00; 1.00; 0.00; 0.00; 1.00; 0.00; 0.00; 0.00; 0.00; 0.00; 1.00; 0.00; 0.00; 0.00; 0.96; 0.00; 0.00; 0.00; 3.88; 0.00; 333.33; 0.00; 1.00; 1.00; 5.00 
2023-11-27 14:26:57:910;0.00; 0.00; 0.000; 3.87; 3.80; 3.79; 0.00; 0.00; 0.00; 0.00; 0.00; 3.79; 0.00; 60.00; 1.00; 0.00; 0.000; 291.01; 0.00; 1.820; 0.00; 65535.00; 40.00; 5.00; 0.00; 255.00; 255.00; 250.00; 0.00; 0.00; 1.00; 0.00; 813600.81; 155635.75; 145209524224.00; 1.00; 0.00; 0.00; 1.00; 0.00; 0.00; 1.00; 0.00; 0.00; 0.00; 0.00; 0.00; 1.00; 0.00; 0.00; 0.00; 0.96; 0.00; 0.00; 0.00; 3.88; 0.00; 333.33; 0.00; 1.00; 1.00; 5.00 
2023-11-27 14:26:58:030;0.00; 0.00; 0.000; 3.87; 3.80; 3.79; 0.00; 0.00; 0.00; 0.00; 0.00; 3.79; 0.00; 60.00; 1.00; 0.00; 0.000; 291.01; 0.00; 1.820; 0.00; 65535.00; 40.00; 5.00; 0.00; 255.00; 255.00; 250.00; 0.00; 0.00; 1.00; 0.00; 813600.81; 155635.75; 145209524224.00; 1.00; 0.00; 0.00; 1.00; 0.00; 0.00; 1.00; 0.00; 0.00; 0.00; 0.00; 0.00; 1.00; 0.00; 0.00; 0.00; 0.96; 0.00; 0.00; 0.00; 3.88; 0.00; 333.33; 0.00; 1.00; 1.00; 5.00 
2023-11-27 14:26:58:150;0.00; 0.00; 0.000; 3.87; 3.80; 3.79; 0.00; 0.00; 0.00; 0.00; 0.00; 3.79; 0.00; 60.00; 1.00; 0.00; 0.000; 291.01; 0.00; 1.820; 0.00; 65535.00; 40.00; 5.00; 0.00; 255.00; 255.00; 250.00; 0.00; 0.00; 1.00; 0.00; 813600.81; 155635.75; 145209524224.00; 1.00; 0.00; 0.00; 1.00; 0.00; 0.00; 1.00; 0.00; 0.00; 0.00; 0.00; 0.00; 1.00; 0.00; 0.00; 0.00; 0.96; 0.00; 0.00; 0.00; 3.87; 0.00; 333.33; 0.00; 1.00; 1.00; 5.00 
2023-11-27 14:26:58:270;0.00; 0.00; 0.000; 3.87; 3.80; 3.79; 0.00; 0.00; 0.00; 0.00; 0.00; 3.79; 0.00; 60.00; 1.00; 0.00; 0.000; 291.01; 0.00; 1.820; 0.00; 65535.00; 40.00; 5.00; 0.00; 255.00; 255.00; 250.00; 0.00; 0.00; 1.00; 0.00; 813601.19; 155635.75; 145209524224.00; 1.00; 0.00; 0.00; 1.00; 0.00; 0.00; 1.00; 0.00; 0.00; 0.00; 0.00; 0.00; 1.00; 0.00; 0.00; 0.00; 0.96; 0.00; 0.00; 0.00; 3.87; 0.00; 333.33; 0.00; 1.00; 1.00; 5.00 
2023-11-27 14:26:58:390;0.00; 0.00; 0.000; 3.87; 3.80; 3.79; 0.00; 0.00; 0.00; 0.00; 0.00; 3.79; 0.00; 60.00; 1.00; 0.00; 0.000; 291.01; 0.00; 1.820; 0.00; 65535.00; 40.00; 5.00; 0.00; 255.00; 255.00; 250.00; 0.00; 0.00; 1.00; 0.00; 813601.19; 155635.75; 145209524224.00; 1.00; 0.00; 0.00; 1.00; 0.00; 0.00; 1.00; 0.00; 0.00; 0.00; 0.00; 0.00; 1.00; 0.00; 0.00; 0.00; 0.96; 0.00; 0.00; 0.00; 3.87; 0.00; 333.33; 0.00; 1.00; 1.00; 5.00 
2023-11-27 14:26:58:510;0.00; 0.00; 0.000; 3.87; 3.80; 3.79; 0.00; 0.00; 0.00; 0.00; 0.00; 3.79; 0.00; 60.00; 1.00; 0.00; 0.000; 291.01; 0.00; 1.820; 0.00; 65535.00; 40.00; 5.00; 0.00; 255.00; 255.00; 250.00; 0.00; 0.00; 1.00; 0.00; 813601.19; 155635.75; 145209524224.00; 1.00; 0.00; 0.00; 1.00; 0.00; 0.00; 1.00; 0.00; 0.00; 0.00; 0.00; 0.00; 1.00; 0.00; 0.00; 0.00; 0.96; 0.00; 0.00; 0.00; 3.88; 0.00; 333.33; 0.00; 1.00; 1.00; 5.00 
2023-11-27 14:26:58:630;0.00; 0.00; 0.000; 3.87; 3.80; 3.79; 0.00; 0.00; 0.00; 0.00; 0.00; 3.79; 0.00; 60.00; 1.00; 0.00; 0.000; 291.01; 0.00; 1.820; 0.00; 65535.00; 40.00; 5.00; 0.00; 255.00; 255.00; 250.00; 0.00; 0.00; 1.00; 0.00; 813601.19; 155635.75; 145209524224.00; 1.00; 0.00; 0.00; 1.00; 0.00; 0.00; 1.00; 0.00; 0.00; 0.00; 0.00; 0.00; 1.00; 0.00; 0.00; 0.00; 0.96; 0.00; 0.00; 0.00; 3.88; 0.00; 333.33; 0.00; 1.00; 1.00; 5.00 
2023-11-27 14:26:58:750;0.00; 0.00; 0.000; 3.87; 3.80; 3.79; 0.00; 0.00; 0.00; 0.00; 0.00; 3.79; 0.00; 60.00; 1.00; 0.00; 0.000; 291.01; 0.00; 1.820; 0.00; 65535.00; 40.00; 5.00; 0.00; 255.00; 255.00; 250.00; 0.00; 0.00; 1.00; 0.00; 813601.69; 155635.75; 145209524224.00; 1.00; 0.00; 0.00; 1.00; 0.00; 0.00; 1.00; 0.00; 0.00; 0.00; 0.00; 0.00; 1.00; 0.00; 0.00; 0.00; 0.96; 0.00; 0.00; 0.00; 3.88; 0.00; 333.33; 0.00; 1.00; 1.00; 5.00 
2023-11-27 14:26:58:870;0.00; 0.00; 0.000; 3.87; 3.80; 3.79; 0.00; 0.00; 0.00; 0.00; 0.00; 3.79; 0.00; 60.00; 1.00; 0.00; 0.000; 291.01; 0.00; 1.820; 0.00; 65535.00; 40.00; 5.00; 0.00; 255.00; 255.00; 250.00; 0.00; 0.00; 1.00; 0.00; 813601.69; 155635.75; 145209524224.00; 1.00; 0.00; 0.00; 1.00; 0.00; 0.00; 1.00; 0.00; 0.00; 0.00; 0.00; 0.00; 1.00; 0.00; 0.00; 0.00; 0.96; 0.00; 0.00; 0.00; 3.88; 0.00; 333.33; 0.00; 1.00; 1.00; 5.00 
2023-11-27 14:26:58:990;0.00; 0.00; 0.000; 3.87; 3.80; 3.79; 0.00; 0.00; 0.00; 0.00; 0.00; 3.79; 0.00; 60.00; 1.00; 0.00; 0.000; 291.01; 0.00; 1.820; 0.00; 65535.00; 40.00; 5.00; 0.00; 255.00; 255.00; 250.00; 0.00; 0.00; 1.00; 0.00; 813601.69; 155635.75; 145209524224.00; 1.00; 0.00; 0.00; 1.00; 0.00; 0.00; 1.00; 0.00; 0.00; 0.00; 0.00; 0.00; 1.00; 0.00; 0.00; 0.00; 0.96; 0.00; 0.00; 0.00; 3.88; 0.00; 333.33; 0.00; 1.00; 1.00; 5.00 
2023-11-27 14:26:59:110;0.00; 0.00; 0.000; 3.87; 3.80; 3.79; 0.00; 0.00; 0.00; 0.00; 0.00; 3.79; 0.00; 60.00; 1.00; 0.00; 0.000; 291.01; 0.00; 1.820; 0.00; 65535.00; 40.00; 5.00; 0.00; 255.00; 255.00; 250.00; 0.00; 0.00; 1.00; 0.00; 813601.69; 155635.75; 145209524224.00; 1.00; 0.00; 0.00; 1.00; 0.00; 0.00; 1.00; 0.00; 0.00; 0.00; 0.00; 0.00; 1.00; 0.00; 0.00; 0.00; 0.96; 0.00; 0.00; 0.00; 3.88; 0.00; 333.33; 0.00; 1.00; 1.00; 5.00 
2023-11-27 14:26:59:230;0.00; 0.00; 0.000; 3.87; 3.80; 3.79; 0.00; 0.00; 0.00; 0.00; 0.00; 3.79; 0.00; 60.00; 1.00; 0.00; 0.000; 291.01; 0.00; 1.820; 0.00; 65535.00; 40.00; 5.00; 0.00; 255.00; 255.00; 250.00; 0.00; 0.00; 1.00; 0.00; 813601.69; 155635.75; 145209524224.00; 1.00; 0.00; 0.00; 1.00; 0.00; 0.00; 1.00; 0.00; 0.00; 0.00; 0.00; 0.00; 1.00; 0.00; 0.00; 0.00; 0.96; 0.00; 0.00; 0.00; 3.88; 0.00; 333.33; 0.00; 1.00; 1.00; 5.00 
2023-11-27 14:26:59:350;0.00; 0.00; 0.000; 3.87; 3.80; 3.79; 0.00; 0.00; 0.00; 0.00; 0.00; 3.79; 0.00; 60.00; 1.00; 0.00; 0.000; 291.01; 0.00; 1.820; 0.00; 65535.00; 40.00; 5.00; 0.00; 255.00; 255.00; 250.00; 0.00; 0.00; 1.00; 0.00; 813602.12; 155635.75; 145209524224.00; 1.00; 0.00; 0.00; 1.00; 0.00; 0.00; 1.00; 0.00; 0.00; 0.00; 0.00; 0.00; 1.00; 0.00; 0.00; 0.00; 0.96; 0.00; 0.00; 0.00; 3.88; 0.00; 333.33; 0.00; 1.00; 1.00; 5.00 
2023-11-27 14:26:59:470;0.00; 0.00; 0.000; 3.87; 3.80; 3.79; 0.00; 0.00; 0.00; 0.00; 0.00; 3.79; 0.00; 60.00; 1.00; 0.00; 0.000; 291.01; 0.00; 1.820; 0.00; 65535.00; 40.00; 5.00; 0.00; 255.00; 255.00; 250.00; 0.00; 0.00; 1.00; 0.00; 813602.12; 155635.75; 145209524224.00; 1.00; 0.00; 0.00; 1.00; 0.00; 0.00; 1.00; 0.00; 0.00; 0.00; 0.00; 0.00; 1.00; 0.00; 0.00; 0.00; 0.96; 0.00; 0.00; 0.00; 3.88; 0.00; 333.33; 0.00; 1.00; 1.00; 5.00 
2023-11-27 14:26:59:590;0.00; 0.00; 0.000; 3.87; 3.80; 3.79; 0.00; 0.00; 0.00; 0.00; 0.00; 3.79; 0.00; 60.00; 1.00; 0.00; 0.000; 291.01; 0.00; 1.820; 0.00; 65535.00; 40.00; 5.00; 0.00; 255.00; 255.00; 250.00; 0.00; 0.00; 1.00; 0.00; 813602.12; 155635.75; 145209524224.00; 1.00; 0.00; 0.00; 1.00; 0.00; 0.00; 1.00; 0.00; 0.00; 0.00; 0.00; 0.00; 1.00; 0.00; 0.00; 0.00; 0.96; 0.00; 0.00; 0.00; 3.88; 0.00; 333.33; 0.00; 1.00; 1.00; 5.00 
2023-11-27 14:26:59:710;0.00; 0.00; 0.000; 3.87; 3.80; 3.79; 0.00; 0.00; 0.00; 0.00; 0.00; 3.79; 0.00; 60.00; 1.00; 0.00; 0.000; 291.01; 0.00; 1.820; 0.00; 65535.00; 40.00; 5.00; 0.00; 255.00; 255.00; 250.00; 0.00; 0.00; 1.00; 0.00; 813602.12; 155635.75; 145209524224.00; 1.00; 0.00; 0.00; 1.00; 0.00; 0.00; 1.00; 0.00; 0.00; 0.00; 0.00; 0.00; 1.00; 0.00; 0.00; 0.00; 0.96; 0.00; 0.00; 0.00; 3.88; 0.00; 333.33; 0.00; 1.00; 1.00; 5.00 
2023-11-27 14:26:59:830;0.00; 0.00; 0.000; 3.87; 3.80; 3.79; 0.00; 0.00; 0.00; 0.00; 0.00; 3.79; 0.00; 60.00; 1.00; 0.00; 0.000; 291.01; 0.00; 1.820; 0.00; 65535.00; 40.00; 5.00; 0.00; 255.00; 255.00; 250.00; 0.00; 0.00; 1.00; 0.00; 813602.50; 155635.75; 145209524224.00; 1.00; 0.00; 0.00; 1.00; 0.00; 0.00; 1.00; 0.00; 0.00; 0.00; 0.00; 0.00; 1.00; 0.00; 0.00; 0.00; 0.96; 0.00; 0.00; 0.00; 3.88; 0.00; 333.33; 0.00; 1.00; 1.00; 5.00 
2023-11-27 14:26:59:950;0.00; 0.00; 0.000; 3.87; 3.80; 3.79; 0.00; 0.00; 0.00; 0.00; 0.00; 3.79; 0.00; 60.00; 1.00; 0.00; 0.000; 291.01; 0.00; 1.820; 0.00; 65535.00; 40.00; 5.00; 0.00; 255.00; 255.00; 250.00; 0.00; 0.00; 1.00; 0.00; 813602.50; 155635.75; 145209524224.00; 1.00; 0.00; 0.00; 1.00; 0.00; 0.00; 1.00; 0.00; 0.00; 0.00; 0.00; 0.00; 1.00; 0.00; 0.00; 0.00; 0.96; 0.00; 0.00; 0.00; 3.88; 0.00; 333.33; 0.00; 1.00; 1.00; 5.00 
2023-11-27 14:27:00:070;0.00; 0.00; 0.000; 3.87; 3.80; 3.79; 0.00; 0.00; 0.00; 0.00; 0.00; 3.79; 0.00; 60.00; 1.00; 0.00; 0.000; 291.01; 0.00; 1.820; 0.00; 65535.00; 40.00; 5.00; 0.00; 255.00; 255.00; 250.00; 0.00; 0.00; 1.00; 0.00; 813602.50; 155635.75; 145209524224.00; 1.00; 0.00; 0.00; 1.00; 0.00; 0.00; 1.00; 0.00; 0.00; 0.00; 0.00; 0.00; 1.00; 0.00; 0.00; 0.00; 0.96; 0.00; 0.00; 0.00; 3.88; 0.00; 333.33; 0.00; 1.00; 1.00; 5.00 
2023-11-27 14:27:00:190;0.00; 0.00; 0.000; 3.87; 3.80; 3.79; 0.00; 0.00; 0.00; 0.00; 0.00; 3.79; 0.00; 60.00; 1.00; 0.00; 0.000; 291.01; 0.00; 1.820; 0.00; 65535.00; 40.00; 5.00; 0.00; 255.00; 255.00; 250.00; 0.00; 0.00; 1.00; 0.00; 813602.50; 155635.75; 145209524224.00; 1.00; 0.00; 0.00; 1.00; 0.00; 0.00; 1.00; 0.00; 0.00; 0.00; 0.00; 0.00; 1.00; 0.00; 0.00; 0.00; 0.96; 0.00; 0.00; 0.00; 3.88; 0.00; 333.33; 0.00; 1.00; 1.00; 5.00 
2023-11-27 14:27:00:310;0.00; 0.00; 0.000; 3.87; 3.80; 3.79; 0.00; 0.00; 0.00; 0.00; 0.00; 3.79; 0.00; 60.00; 1.00; 0.00; 0.000; 291.01; 0.00; 1.820; 0.00; 65535.00; 40.00; 5.00; 0.00; 255.00; 255.00; 250.00; 0.00; 0.00; 1.00; 0.00; 813602.87; 155635.75; 145209524224.00; 1.00; 0.00; 0.00; 1.00; 0.00; 0.00; 1.00; 0.00; 0.00; 0.00; 0.00; 0.00; 1.00; 0.00; 0.00; 0.00; 0.96; 0.00; 0.00; 0.00; 3.88; 0.00; 333.33; 0.00; 1.00; 1.00; 5.00 
2023-11-27 14:27:00:430;0.00; 0.00; 0.000; 3.87; 3.80; 3.79; 0.00; 0.00; 0.00; 0.00; 0.00; 3.79; 0.00; 60.00; 1.00; 0.00; 0.000; 291.01; 0.00; 1.820; 0.00; 65535.00; 40.00; 5.00; 0.00; 255.00; 255.00; 250.00; 0.00; 0.00; 1.00; 0.00; 813602.87; 155635.75; 145209524224.00; 1.00; 0.00; 0.00; 1.00; 0.00; 0.00; 1.00; 0.00; 0.00; 0.00; 0.00; 0.00; 1.00; 0.00; 0.00; 0.00; 0.96; 0.00; 0.00; 0.00; 3.88; 0.00; 333.33; 0.00; 1.00; 1.00; 5.00 
2023-11-27 14:27:00:550;0.00; 0.00; 0.000; 3.87; 3.80; 3.79; 0.00; 0.00; 0.00; 0.00; 0.00; 3.79; 0.00; 60.00; 1.00; 0.00; 0.000; 291.01; 0.00; 1.820; 0.00; 65535.00; 40.00; 5.00; 0.00; 255.00; 255.00; 250.00; 0.00; 0.00; 1.00; 0.00; 813602.87; 155635.75; 145209524224.00; 1.00; 0.00; 0.00; 1.00; 0.00; 0.00; 1.00; 0.00; 0.00; 0.00; 0.00; 0.00; 1.00; 0.00; 0.00; 0.00; 0.96; 0.00; 0.00; 0.00; 3.88; 0.00; 333.33; 0.00; 1.00; 1.00; 5.00 
2023-11-27 14:27:00:670;0.00; 0.00; 0.000; 3.87; 3.80; 3.79; 0.00; 0.00; 0.00; 0.00; 0.00; 3.79; 0.00; 60.00; 1.00; 0.00; 0.000; 291.01; 0.00; 1.820; 0.00; 65535.00; 40.00; 5.00; 0.00; 255.00; 255.00; 250.00; 0.00; 0.00; 1.00; 0.00; 813602.87; 155635.75; 145209524224.00; 1.00; 0.00; 0.00; 1.00; 0.00; 0.00; 1.00; 0.00; 0.00; 0.00; 0.00; 0.00; 1.00; 0.00; 0.00; 0.00; 0.96; 0.00; 0.00; 0.00; 3.88; 0.00; 333.33; 0.00; 1.00; 1.00; 5.00 
2023-11-27 14:27:00:790;0.00; 0.00; 0.000; 3.87; 3.80; 3.79; 0.00; 0.00; 0.00; 0.00; 0.00; 3.79; 0.00; 60.00; 1.00; 0.00; 0.000; 291.01; 0.00; 1.820; 0.00; 65535.00; 40.00; 5.00; 0.00; 255.00; 255.00; 250.00; 0.00; 0.00; 1.00; 0.00; 813603.31; 155635.75; 145209524224.00; 1.00; 0.00; 0.00; 1.00; 0.00; 0.00; 1.00; 0.00; 0.00; 0.00; 0.00; 0.00; 1.00; 0.00; 0.00; 0.00; 0.96; 0.00; 0.00; 0.00; 3.88; 0.00; 333.33; 0.00; 1.00; 1.00; 5.00 
2023-11-27 14:27:00:910;0.00; 0.00; 0.000; 3.87; 3.80; 3.79; 0.00; 0.00; 0.00; 0.00; 0.00; 3.79; 0.00; 60.00; 1.00; 0.00; 0.000; 291.01; 0.00; 1.820; 0.00; 65535.00; 40.00; 5.00; 0.00; 255.00; 255.00; 250.00; 0.00; 0.00; 1.00; 0.00; 813603.31; 155635.75; 145209524224.00; 1.00; 0.00; 0.00; 1.00; 0.00; 0.00; 1.00; 0.00; 0.00; 0.00; 0.00; 0.00; 1.00; 0.00; 0.00; 0.00; 0.96; 0.00; 0.00; 0.00; 3.88; 0.00; 333.33; 0.00; 1.00; 1.00; 5.00 
2023-11-27 14:27:01:030;0.01; 0.00; 0.000; 3.87; 3.80; 3.79; 0.00; 0.00; 0.00; 0.00; 0.00; 3.79; 0.00; 60.00; 1.00; 0.00; 0.000; 291.01; 0.00; 1.820; 0.00; 65535.00; 40.00; 5.00; 0.00; 255.00; 255.00; 250.00; 0.00; 0.00; 1.00; 0.00; 813603.31; 155635.75; 145209524224.00; 1.00; 0.00; 0.00; 1.00; 0.00; 0.00; 1.00; 0.00; 0.00; 0.00; 0.00; 0.00; 1.00; 0.00; 0.00; 0.00; 0.96; 0.00; 0.00; 0.00; 3.88; 0.00; 333.33; 0.00; 1.00; 1.00; 5.00 
2023-11-27 14:27:01:150;0.00; 0.00; 0.000; 3.87; 3.80; 3.79; 0.00; 0.00; 0.00; 0.00; 0.00; 3.79; 0.00; 60.00; 1.00; 0.00; 0.000; 291.01; 0.00; 1.820; 0.00; 65535.00; 40.00; 5.00; 0.00; 255.00; 255.00; 250.00; 0.00; 0.00; 1.00; 0.00; 813603.31; 155635.75; 145209524224.00; 1.00; 0.00; 0.00; 1.00; 0.00; 0.00; 1.00; 0.00; 0.00; 0.00; 0.00; 0.00; 1.00; 0.00; 0.00; 0.00; 0.96; 0.00; 0.00; 0.00; 3.88; 0.00; 333.33; 0.00; 1.00; 1.00; 5.00 
2023-11-27 14:27:01:270;0.01; 0.00; 0.000; 3.87; 3.80; 3.79; 0.00; 0.00; 0.00; 0.00; 0.00; 3.79; 0.00; 60.00; 1.00; 0.00; 0.000; 291.01; 0.00; 1.820; 0.00; 65535.00; 40.00; 5.00; 0.00; 255.00; 255.00; 250.00; 0.00; 0.00; 1.00; 0.00; 813603.69; 155635.75; 145209524224.00; 1.00; 0.00; 0.00; 1.00; 0.00; 0.00; 1.00; 0.00; 0.00; 0.00; 0.00; 0.00; 1.00; 0.00; 0.00; 0.00; 0.96; 0.00; 0.00; 0.00; 3.88; 0.00; 333.33; 0.00; 1.00; 1.00; 5.00 
2023-11-27 14:27:01:390;0.00; 0.00; 0.000; 3.87; 3.80; 3.79; 0.00; 0.00; 0.00; 0.00; 0.00; 3.79; 0.00; 60.00; 1.00; 0.00; 0.000; 291.01; 0.00; 1.820; 0.00; 65535.00; 40.00; 5.00; 0.00; 255.00; 255.00; 250.00; 0.00; 0.00; 1.00; 0.00; 813603.69; 155635.75; 145209524224.00; 1.00; 0.00; 0.00; 1.00; 0.00; 0.00; 1.00; 0.00; 0.00; 0.00; 0.00; 0.00; 1.00; 0.00; 0.00; 0.00; 0.96; 0.00; 0.00; 0.00; 3.88; 0.00; 333.33; 0.00; 1.00; 1.00; 5.00 
2023-11-27 14:27:01:510;0.00; 0.00; 0.000; 3.87; 3.80; 3.79; 0.00; 0.00; 0.00; 0.00; 0.00; 3.79; 0.00; 60.00; 1.00; 0.00; 0.000; 291.01; 0.00; 1.820; 0.00; 65535.00; 40.00; 5.00; 0.00; 255.00; 255.00; 250.00; 0.00; 0.00; 1.00; 0.00; 813603.69; 155635.75; 145209524224.00; 1.00; 0.00; 0.00; 1.00; 0.00; 0.00; 1.00; 0.00; 0.00; 0.00; 0.00; 0.00; 1.00; 0.00; 0.00; 0.00; 0.96; 0.00; 0.00; 0.00; 3.88; 0.00; 333.33; 0.00; 1.00; 1.00; 5.00 
2023-11-27 14:27:01:630;0.01; 0.00; 0.000; 3.87; 3.80; 3.79; 0.00; 0.00; 0.00; 0.00; 0.00; 3.79; 0.00; 60.00; 1.00; 0.00; 0.000; 291.01; 0.00; 1.820; 0.00; 65535.00; 40.00; 5.00; 0.00; 255.00; 255.00; 250.00; 0.00; 0.00; 1.00; 0.00; 813603.69; 155635.75; 145209524224.00; 1.00; 0.00; 0.00; 1.00; 0.00; 0.00; 1.00; 0.00; 0.00; 0.00; 0.00; 0.00; 1.00; 0.00; 0.00; 0.00; 0.96; 0.00; 0.00; 0.00; 3.88; 0.00; 333.33; 0.00; 1.00; 1.00; 5.00 
2023-11-27 14:27:01:750;0.01; 0.00; 0.000; 3.87; 3.80; 3.79; 0.00; 0.00; 0.00; 0.00; 0.00; 3.79; 0.00; 60.00; 1.00; 0.00; 0.000; 291.01; 0.00; 1.820; 0.00; 65535.00; 40.00; 5.00; 0.00; 255.00; 255.00; 250.00; 0.00; 0.00; 1.00; 0.00; 813604.19; 155635.75; 145209524224.00; 1.00; 0.00; 0.00; 1.00; 0.00; 0.00; 1.00; 0.00; 0.00; 0.00; 0.00; 0.00; 1.00; 0.00; 0.00; 0.00; 0.96; 0.00; 0.00; 0.00; 3.88; 0.00; 333.33; 0.00; 1.00; 1.00; 5.00 
2023-11-27 14:27:01:870;0.01; 0.00; 0.000; 3.76; 3.50; 3.43; 0.00; 0.00; 0.00; 0.00; 0.00; 3.17; 0.00; 60.00; 1.00; 0.00; 0.000; 291.01; 0.00; 1.820; 0.00; 65535.00; 40.00; 5.00; 0.00; 255.00; 255.00; 250.00; 0.00; 0.00; 1.00; 0.00; 813604.19; 155635.75; 145209524224.00; 1.00; 0.00; 0.00; 1.00; 0.00; 0.00; 1.00; 0.00; 0.00; 0.00; 0.00; 0.00; 1.00; 0.00; 0.00; 0.00; 0.96; 0.00; 0.00; 0.00; 3.87; 0.00; 333.33; 0.00; 1.00; 1.00; 5.00 
2023-11-27 14:27:01:990;0.01; 0.00; 0.000; 3.63; 3.55; 3.58; 0.00; 0.00; 0.00; 0.00; 0.00; 3.51; 0.00; 60.00; 1.00; 0.00; 0.000; 291.01; 0.00; 1.820; 0.00; 65535.00; 40.00; 5.00; 0.00; 255.00; 255.00; 250.00; 0.00; 0.00; 1.00; 0.00; 813604.19; 155635.75; 145209524224.00; 1.00; 0.00; 0.00; 1.00; 0.00; 0.00; 1.00; 0.00; 0.00; 0.00; 0.00; 0.00; 1.00; 0.00; 0.00; 0.00; 0.96; 0.00; 0.00; 0.00; 3.84; 0.00; 333.33; 0.00; 1.00; 1.00; 5.00 
2023-11-27 14:27:02:110;0.01; 0.00; 0.000; 3.51; 3.52; 3.60; 0.00; 0.00; 0.00; 0.00; 0.00; 3.59; 0.00; 60.00; 1.00; 0.00; 0.000; 291.01; 0.00; 1.820; 0.00; 65535.00; 40.00; 5.00; 0.00; 255.00; 255.00; 250.00; 0.00; 0.00; 1.00; 0.00; 813604.19; 155635.75; 145209524224.00; 1.00; 0.00; 0.00; 1.00; 0.00; 0.00; 1.00; 0.00; 0.00; 0.00; 0.00; 0.00; 1.00; 0.00; 0.00; 0.00; 0.96; 0.00; 0.00; 0.00; 3.77; 0.00; 333.33; 0.00; 1.00; 1.00; 5.00 
2023-11-27 14:27:02:230;0.03; 0.00; 0.000; 3.39; 3.21; 3.16; 0.00; 0.00; 0.00; 0.00; 0.00; 3.10; 0.00; 60.00; 1.00; 0.00; 0.000; 291.01; 0.00; 1.820; 0.00; 65535.00; 40.00; 5.00; 0.00; 255.00; 255.00; 250.00; 0.00; 0.00; 1.00; 0.00; 813604.19; 155635.75; 145209524224.00; 1.00; 0.00; 0.00; 1.00; 0.00; 0.00; 1.00; 0.00; 0.00; 0.00; 0.00; 0.00; 1.00; 0.00; 0.00; 0.00; 0.96; 0.00; 0.00; 0.00; 3.69; 0.00; 333.33; 0.00; 1.00; 1.00; 5.00 
2023-11-27 14:27:02:350;0.15; 0.00; 0.000; 3.28; 3.26; 3.27; 0.00; 0.00; 0.00; 0.00; 0.00; 3.33; 0.00; 60.00; 1.00; 0.00; 0.000; 291.01; 0.00; 1.820; 0.00; 65535.00; 40.00; 5.00; 0.00; 255.00; 255.00; 250.00; 0.00; 0.00; 1.00; 0.00; 813604.62; 155635.75; 145209524224.00; 1.00; 0.00; 0.00; 1.00; 0.00; 0.00; 1.00; 0.00; 0.00; 0.00; 0.00; 0.00; 1.00; 0.00; 0.00; 0.00; 0.96; 0.00; 0.00; 0.00; 3.60; 0.00; 333.33; 0.00; 1.00; 1.00; 5.00 
2023-11-27 14:27:02:470;0.42; 0.00; 0.000; 3.18; 3.08; 3.07; 0.00; 0.00; 0.00; 0.00; 0.00; 3.09; 0.00; 60.00; 1.00; 0.00; 0.000; 291.01; 0.00; 1.820; 0.00; 65535.00; 40.00; 5.00; 0.00; 255.00; 255.00; 250.00; 0.00; 0.00; 1.00; 0.00; 813604.62; 155635.75; 145209524224.00; 1.00; 0.00; 0.00; 1.00; 0.00; 0.00; 1.00; 0.00; 0.00; 0.00; 0.00; 0.00; 1.00; 0.00; 0.00; 0.00; 0.96; 0.00; 0.00; 0.00; 3.48; 0.00; 333.33; 0.00; 1.00; 1.00; 5.00 
2023-11-27 14:27:02:590;0.73; 0.00; 0.000; 3.09; 2.99; 2.97; 0.00; 0.00; 0.00; 0.00; 0.00; 2.97; 0.00; 60.00; 1.00; 0.00; 0.000; 291.01; 0.00; 1.820; 0.00; 65535.00; 40.00; 5.00; 0.00; 255.00; 255.00; 250.00; 0.00; 0.00; 1.00; 0.00; 813604.62; 155635.75; 145209524224.00; 1.00; 0.00; 0.00; 1.00; 0.00; 0.00; 1.00; 0.00; 0.00; 0.00; 0.00; 0.00; 1.00; 0.00; 0.00; 0.00; 0.96; 0.00; 0.00; 0.00; 3.40; 0.00; 333.33; 0.00; 1.00; 1.00; 5.00 
2023-11-27 14:27:02:710;1.00; 0.00; 0.000; 3.00; 2.94; 2.95; 0.00; 0.00; 0.00; 0.00; 0.00; 2.98; 0.00; 60.00; 1.00; 0.00; 0.000; 291.01; 0.00; 1.820; 0.00; 65535.00; 40.00; 5.00; 0.00; 255.00; 255.00; 250.00; 0.00; 0.00; 1.00; 0.00; 813604.62; 155635.75; 145209524224.00; 1.00; 0.00; 0.00; 1.00; 0.00; 0.00; 1.00; 0.00; 0.00; 0.00; 0.00; 0.00; 1.00; 0.00; 0.00; 0.00; 0.96; 0.00; 0.00; 0.00; 3.29; 0.00; 333.33; 0.00; 1.00; 1.00; 5.00 
2023-11-27 14:27:02:830;1.24; 0.00; 0.000; 2.92; 2.82; 2.81; 0.00; 0.00; 0.00; 0.00; 0.00; 2.80; 0.00; 60.00; 1.00; 0.00; 0.000; 291.01; 0.00; 1.820; 0.00; 65535.00; 40.00; 5.00; 0.00; 255.00; 255.00; 250.00; 0.00; 0.00; 1.00; 0.00; 813605.00; 155635.75; 145209524224.00; 1.00; 0.00; 0.00; 1.00; 0.00; 0.00; 1.00; 0.00; 0.00; 0.00; 0.00; 0.00; 1.00; 0.00; 0.00; 0.00; 0.96; 0.00; 0.00; 0.00; 3.20; 0.00; 333.33; 0.00; 1.00; 1.00; 5.00 
2023-11-27 14:27:02:950;1.45; 0.00; 0.000; 2.84; 2.77; 2.77; 0.00; 0.00; 0.00; 0.00; 0.00; 2.78; 0.00; 60.00; 1.00; 0.00; 0.000; 291.01; 0.00; 1.820; 0.00; 65535.00; 40.00; 5.00; 0.00; 255.00; 255.00; 250.00; 0.00; 0.00; 1.00; 0.00; 813605.00; 155635.75; 145209524224.00; 1.00; 0.00; 0.00; 1.00; 0.00; 0.00; 1.00; 0.00; 0.00; 0.00; 0.00; 0.00; 1.00; 0.00; 0.00; 0.00; 0.96; 0.00; 0.00; 0.00; 3.12; 0.00; 333.33; 0.00; 1.00; 1.00; 5.00 
2023-11-27 14:27:03:070;1.64; 0.00; 0.000; 2.77; 2.69; 2.69; 0.00; 0.00; 0.00; 0.00; 0.00; 2.69; 0.00; 60.00; 1.00; 0.00; 0.000; 291.01; 0.00; 1.820; 0.00; 65535.00; 40.00; 5.00; 0.00; 255.00; 255.00; 250.00; 0.00; 0.00; 1.00; 0.00; 813605.00; 155635.75; 145209524224.00; 1.00; 0.00; 0.00; 1.00; 0.00; 0.00; 1.00; 0.00; 0.00; 0.00; 0.00; 0.00; 1.00; 0.00; 0.00; 0.00; 0.96; 0.00; 0.00; 0.00; 3.04; 0.00; 333.33; 0.00; 1.00; 1.00; 5.00 
2023-11-27 14:27:03:190;1.80; 0.00; 0.000; 2.91; 2.73; 2.70; 0.00; 0.00; 0.00; 0.00; 0.00; 2.69; 0.00; 60.00; 1.00; 0.00; 0.000; 291.01; 0.00; 1.820; 0.00; 65535.00; 40.00; 5.00; 0.00; 255.00; 255.00; 250.00; 0.00; 0.00; 1.00; 0.00; 813605.00; 155635.75; 145209524224.00; 1.00; 0.00; 0.00; 1.00; 0.00; 0.00; 1.00; 0.00; 0.00; 0.00; 0.00; 0.00; 1.00; 0.00; 0.00; 0.00; 0.96; 0.00; 0.00; 0.00; 2.97; 0.00; 333.33; 0.42; 1.00; 1.00; 5.00 
2023-11-27 14:27:03:310;1.94; 0.00; 0.000; 3.40; 3.33; 3.37; 0.00; 0.00; 0.00; 0.00; 0.00; 3.37; 0.00; 60.00; 1.00; 0.00; 0.000; 291.01; 0.00; 1.820; 0.00; 65535.00; 40.00; 5.00; 0.00; 255.00; 255.00; 250.00; 0.00; 0.00; 1.00; 0.00; 813605.37; 155635.75; 145209524224.00; 1.00; 0.00; 0.00; 1.00; 0.00; 0.00; 1.00; 0.00; 0.00; 0.00; 0.00; 0.00; 1.00; 0.00; 0.00; 0.00; 0.96; 0.00; 0.00; 0.00; 2.98; 0.00; 333.33; 1.67; 1.00; 1.00; 5.00 
2023-11-27 14:27:03:430;2.06; 0.00; 0.000; 3.80; 3.68; 3.70; 0.00; 0.00; 0.00; 0.00; 0.00; 3.70; 0.00; 60.00; 1.00; 0.00; 0.000; 291.01; 0.00; 1.820; 0.00; 65535.00; 40.00; 5.00; 0.00; 255.00; 255.00; 250.00; 0.00; 0.00; 1.00; 0.00; 813605.37; 155635.75; 145209524224.00; 1.00; 0.00; 0.00; 1.00; 0.00; 0.00; 1.00; 0.00; 0.00; 0.00; 0.00; 0.00; 1.00; 0.00; 0.00; 0.00; 0.96; 0.00; 0.00; 0.00; 3.02; 0.00; 333.33; 2.50; 1.00; 1.00; 5.00 
2023-11-27 14:27:03:550;2.16; 0.00; 0.000; 3.86; 3.82; 3.83; 0.00; 0.00; 0.00; 0.00; 0.00; 3.85; 0.00; 60.00; 1.00; 0.00; 0.000; 291.01; 0.00; 1.820; 0.00; 65535.00; 40.00; 5.00; 0.00; 255.00; 255.00; 250.00; 0.00; 0.00; 1.00; 0.00; 813605.37; 155635.75; 145209524224.00; 1.00; 0.00; 0.00; 1.00; 0.00; 0.00; 1.00; 0.00; 0.00; 0.00; 0.00; 0.00; 1.00; 0.00; 0.00; 0.00; 0.96; 0.00; 0.00; 0.00; 3.80; 0.00; 333.33; 2.92; 1.00; 1.00; 5.00 
2023-11-27 14:27:03:670;2.28; 0.00; 0.000; 3.70; 3.61; 3.60; 0.00; 0.00; 0.00; 0.00; 0.00; 3.61; 0.00; 60.00; 1.00; 0.00; 0.000; 291.01; 0.00; 1.820; 0.00; 65535.00; 40.00; 5.00; 0.00; 255.00; 255.00; 250.00; 0.00; 0.00; 1.00; 0.00; 813605.37; 155635.75; 145209524224.00; 1.00; 0.00; 0.00; 1.00; 0.00; 0.00; 1.00; 0.00; 0.00; 0.00; 0.00; 0.00; 1.00; 0.00; 0.00; 0.00; 0.96; 0.00; 0.00; 0.00; 3.89; 0.00; 333.33; 2.92; 1.00; 1.00; 5.00 
2023-11-27 14:27:03:790;2.44; 0.00; 0.000; 3.70; 3.59; 3.57; 0.00; 0.00; 0.00; 0.00; 0.00; 3.57; 0.00; 60.00; 1.00; 0.00; 0.000; 291.01; 0.00; 1.820; 0.00; 65535.00; 40.00; 5.00; 0.00; 255.00; 255.00; 250.00; 0.00; 0.00; 1.00; 0.00; 813605.81; 155635.75; 145209524224.00; 1.00; 0.00; 0.00; 1.00; 0.00; 0.00; 1.00; 0.00; 0.00; 0.00; 0.00; 0.00; 1.00; 0.00; 0.00; 0.00; 0.96; 0.00; 0.00; 0.00; 3.84; 0.00; 333.33; 3.33; 1.00; 1.00; 5.00 
2023-11-27 14:27:03:910;2.62; 0.00; 0.000; 3.67; 3.60; 3.61; 0.00; 0.00; 0.00; 0.00; 0.00; 3.62; 0.00; 60.00; 1.00; 0.00; 0.000; 291.01; 0.00; 1.820; 0.00; 65535.00; 40.00; 5.00; 0.00; 255.00; 255.00; 250.00; 0.00; 0.00; 1.00; 0.00; 813605.81; 155635.75; 145209524224.00; 1.00; 0.00; 0.00; 1.00; 0.00; 0.00; 1.00; 0.00; 0.00; 0.00; 0.00; 0.00; 1.00; 0.00; 0.00; 0.00; 0.96; 0.00; 0.00; 0.00; 3.80; 0.00; 333.33; 3.33; 1.00; 1.00; 5.00 
2023-11-27 14:27:04:030;2.77; 0.00; 0.000; 3.65; 3.55; 3.54; 0.00; 0.00; 0.00; 0.00; 0.00; 3.55; 0.00; 60.00; 1.00; 0.00; 0.000; 291.01; 0.00; 1.820; 0.00; 65535.00; 40.00; 5.00; 0.00; 255.00; 255.00; 250.00; 0.00; 0.00; 1.00; 0.00; 813605.81; 155635.75; 145209524224.00; 1.00; 0.00; 0.00; 1.00; 0.00; 0.00; 1.00; 0.00; 0.00; 0.00; 0.00; 0.00; 1.00; 0.00; 0.00; 0.00; 0.96; 0.00; 0.00; 0.00; 3.76; 0.00; 333.33; 3.75; 1.00; 1.00; 5.00 
2023-11-27 14:27:04:150;2.87; 0.00; 0.000; 3.65; 3.56; 3.55; 0.00; 0.00; 0.00; 0.00; 0.00; 3.55; 0.00; 60.00; 1.00; 0.00; 0.000; 291.01; 0.00; 1.820; 0.00; 65535.00; 40.00; 5.00; 0.00; 255.00; 255.00; 250.00; 0.00; 0.00; 1.00; 0.00; 813605.81; 155635.75; 145209524224.00; 1.00; 0.00; 0.00; 1.00; 0.00; 0.00; 1.00; 0.00; 0.00; 0.00; 0.00; 0.00; 1.00; 0.00; 0.00; 0.00; 0.96; 0.00; 0.00; 0.00; 3.73; 0.00; 333.33; 3.75; 1.00; 1.00; 5.00 
2023-11-27 14:27:04:270;2.96; 0.00; 0.000; 3.63; 3.54; 3.55; 0.00; 0.00; 0.00; 0.00; 0.00; 3.56; 0.00; 60.00; 1.00; 0.00; 0.000; 291.01; 0.00; 1.820; 0.00; 65535.00; 40.00; 5.00; 0.00; 255.00; 255.00; 250.00; 0.00; 0.00; 1.00; 0.00; 813606.19; 155635.75; 145209524224.00; 1.00; 0.00; 0.00; 1.00; 0.00; 0.00; 1.00; 0.00; 0.00; 0.00; 0.00; 0.00; 1.00; 0.00; 0.00; 0.00; 0.96; 0.00; 0.00; 0.00; 3.70; 0.00; 333.33; 3.75; 1.00; 1.00; 5.00 
2023-11-27 14:27:04:390;3.04; 0.00; 0.000; 3.65; 3.55; 3.55; 0.00; 0.00; 0.00; 0.00; 0.00; 3.55; 0.00; 60.00; 1.00; 0.00; 0.000; 291.01; 0.00; 1.820; 0.00; 65535.00; 40.00; 5.00; 0.00; 255.00; 255.00; 250.00; 0.00; 0.00; 1.00; 0.00; 813606.19; 155635.75; 145209524224.00; 1.00; 0.00; 0.00; 1.00; 0.00; 0.00; 1.00; 0.00; 0.00; 0.00; 0.00; 0.00; 1.00; 0.00; 0.00; 0.00; 0.96; 0.00; 0.00; 0.00; 3.69; 0.00; 333.33; 4.17; 1.00; 1.00; 5.00 
2023-11-27 14:27:04:510;3.09; 0.00; 0.000; 3.63; 3.53; 3.54; 0.00; 0.00; 0.00; 0.00; 0.00; 3.54; 0.00; 60.00; 1.00; 0.00; 0.000; 291.01; 0.00; 1.820; 0.00; 65535.00; 40.00; 5.00; 0.00; 255.00; 255.00; 250.00; 0.00; 0.00; 1.00; 0.00; 813606.19; 155635.75; 145209524224.00; 1.00; 0.00; 0.00; 1.00; 0.00; 0.00; 1.00; 0.00; 0.00; 0.00; 0.00; 0.00; 1.00; 0.00; 0.00; 0.00; 0.96; 0.00; 0.00; 0.00; 3.68; 0.00; 333.33; 4.17; 1.00; 1.00; 5.00 
2023-11-27 14:27:04:630;3.15; 0.00; 0.000; 3.62; 3.54; 3.53; 0.00; 0.00; 0.00; 0.00; 0.00; 3.54; 0.00; 60.00; 1.00; 0.00; 0.000; 291.01; 0.00; 1.820; 0.00; 65535.00; 40.00; 5.00; 0.00; 255.00; 255.00; 250.00; 0.00; 0.00; 1.00; 0.00; 813606.19; 155635.75; 145209524224.00; 1.00; 0.00; 0.00; 1.00; 0.00; 0.00; 1.00; 0.00; 0.00; 0.00; 0.00; 0.00; 1.00; 0.00; 0.00; 0.00; 0.96; 0.00; 0.00; 0.00; 3.66; 0.00; 333.33; 4.58; 1.00; 1.00; 5.00 
2023-11-27 14:27:04:750;3.20; 0.00; 0.000; 3.63; 3.53; 3.54; 0.00; 0.00; 0.00; 0.00; 0.00; 3.54; 0.00; 60.00; 1.00; 0.00; 0.000; 291.01; 0.00; 1.820; 0.00; 65535.00; 40.00; 5.00; 0.00; 255.00; 255.00; 250.00; 0.00; 0.00; 1.00; 0.00; 813606.69; 155635.75; 145209524224.00; 1.00; 0.00; 0.00; 1.00; 0.00; 0.00; 1.00; 0.00; 0.00; 0.00; 0.00; 0.00; 1.00; 0.00; 0.00; 0.00; 0.96; 0.00; 0.00; 0.00; 3.65; 0.00; 333.33; 4.58; 1.00; 1.00; 5.00 
2023-11-27 14:27:04:870;3.23; 0.00; 0.000; 3.62; 3.52; 3.53; 0.00; 0.00; 0.00; 0.00; 0.00; 3.53; 0.00; 60.00; 1.00; 0.00; 0.000; 291.01; 0.00; 1.820; 0.00; 65535.00; 40.00; 5.00; 0.00; 255.00; 255.00; 250.00; 0.00; 0.00; 1.00; 0.00; 813606.69; 155635.75; 145209524224.00; 1.00; 0.00; 0.00; 1.00; 0.00; 0.00; 1.00; 0.00; 0.00; 0.00; 0.00; 0.00; 1.00; 0.00; 0.00; 0.00; 0.96; 0.00; 0.00; 0.00; 3.64; 0.00; 333.33; 5.00; 1.00; 1.00; 5.00 
2023-11-27 14:27:04:990;3.28; 0.00; 0.000; 3.63; 3.54; 3.54; 0.00; 0.00; 0.00; 0.00; 0.00; 3.55; 0.00; 60.00; 1.00; 0.00; 0.000; 291.01; 0.00; 1.820; 0.00; 65535.00; 40.00; 5.00; 0.00; 255.00; 255.00; 250.00; 0.00; 0.00; 1.00; 0.00; 813606.69; 155635.75; 145209524224.00; 1.00; 0.00; 0.00; 1.00; 0.00; 0.00; 1.00; 0.00; 0.00; 0.00; 0.00; 0.00; 1.00; 0.00; 0.00; 0.00; 0.96; 0.00; 0.00; 0.00; 3.64; 0.00; 333.33; 5.00; 1.00; 1.00; 5.00 
2023-11-27 14:27:05:110;3.32; 0.00; 0.000; 3.61; 3.51; 3.52; 0.00; 0.00; 0.00; 0.00; 0.00; 3.52; 0.00; 60.00; 1.00; 0.00; 0.000; 291.01; 0.00; 1.820; 0.00; 65535.00; 40.00; 5.00; 0.00; 255.00; 255.00; 250.00; 0.00; 0.00; 1.00; 0.00; 813606.69; 155635.75; 145209524224.00; 1.00; 0.00; 0.00; 1.00; 0.00; 0.00; 1.00; 0.00; 0.00; 0.00; 0.00; 0.00; 1.00; 0.00; 0.00; 0.00; 0.96; 0.00; 0.00; 0.00; 3.64; 0.00; 333.33; 5.42; 1.00; 1.00; 5.00 
2023-11-27 14:27:05:230;3.35; 0.00; 0.000; 3.60; 3.51; 3.51; 0.00; 0.00; 0.00; 0.00; 0.00; 3.51; 0.00; 60.00; 1.00; 0.00; 0.000; 291.01; 0.00; 1.820; 0.00; 65535.00; 40.00; 5.00; 0.00; 255.00; 255.00; 250.00; 0.00; 0.00; 1.00; 0.00; 813606.69; 155635.75; 145209524224.00; 1.00; 0.00; 0.00; 1.00; 0.00; 0.00; 1.00; 0.00; 0.00; 0.00; 0.00; 0.00; 1.00; 0.00; 0.00; 0.00; 0.96; 0.00; 0.00; 0.00; 3.63; 0.00; 333.33; 4.58; 1.00; 1.00; 5.00 
2023-11-27 14:27:05:350;3.36; 0.00; 0.000; 3.61; 3.53; 3.54; 0.00; 0.00; 0.00; 0.00; 0.00; 3.54; 0.00; 60.00; 1.00; 0.00; 0.000; 291.01; 0.00; 1.820; 0.00; 65535.00; 40.00; 5.00; 0.00; 255.00; 255.00; 250.00; 0.00; 0.00; 1.00; 0.00; 813607.12; 155635.75; 145209524224.00; 1.00; 0.00; 0.00; 1.00; 0.00; 0.00; 1.00; 0.00; 0.00; 0.00; 0.00; 0.00; 1.00; 0.00; 0.00; 0.00; 0.96; 0.00; 0.00; 0.00; 3.62; 0.00; 333.33; 4.17; 1.00; 1.00; 5.00 
2023-11-27 14:27:05:470;3.39; 0.00; 0.000; 3.60; 3.50; 3.50; 0.00; 0.00; 0.00; 0.00; 0.00; 3.50; 0.00; 60.00; 1.00; 0.00; 0.000; 291.01; 0.00; 1.820; 0.00; 65535.00; 40.00; 5.00; 0.00; 255.00; 255.00; 250.00; 0.00; 0.00; 1.00; 0.00; 813607.12; 155635.75; 145209524224.00; 1.00; 0.00; 0.00; 1.00; 0.00; 0.00; 1.00; 0.00; 0.00; 0.00; 0.00; 0.00; 1.00; 0.00; 0.00; 0.00; 0.96; 0.00; 0.00; 0.00; 3.62; 0.00; 333.33; 3.33; 1.00; 1.00; 5.00 
2023-11-27 14:27:05:590;3.39; 0.00; 0.000; 3.60; 3.51; 3.53; 0.00; 0.00; 0.00; 0.00; 0.00; 3.54; 0.00; 60.00; 1.00; 0.00; 0.000; 291.01; 0.00; 1.820; 0.00; 65535.00; 40.00; 5.00; 0.00; 255.00; 255.00; 250.00; 0.00; 0.00; 1.00; 0.00; 813607.12; 155635.75; 145209524224.00; 1.00; 0.00; 0.00; 1.00; 0.00; 0.00; 1.00; 0.00; 0.00; 0.00; 0.00; 0.00; 1.00; 0.00; 0.00; 0.00; 0.96; 0.00; 0.00; 0.00; 3.62; 0.00; 333.33; 3.33; 1.00; 1.00; 5.00 
2023-11-27 14:27:05:710;3.40; 0.00; 0.000; 3.60; 3.50; 3.50; 0.00; 0.00; 0.00; 0.00; 0.00; 3.51; 0.00; 60.00; 1.00; 0.00; 0.000; 291.01; 0.00; 1.820; 0.00; 65535.00; 40.00; 5.00; 0.00; 255.00; 255.00; 250.00; 0.00; 0.00; 1.00; 0.00; 813607.12; 155635.75; 145209524224.00; 1.00; 0.00; 0.00; 1.00; 0.00; 0.00; 1.00; 0.00; 0.00; 0.00; 0.00; 0.00; 1.00; 0.00; 0.00; 0.00; 0.96; 0.00; 0.00; 0.00; 3.61; 0.00; 333.33; 3.33; 1.00; 1.00; 5.00 
2023-11-27 14:27:05:830;3.42; 0.00; 0.000; 3.60; 3.52; 3.51; 0.00; 0.00; 0.00; 0.00; 0.00; 3.51; 0.00; 60.00; 1.00; 0.00; 0.000; 291.01; 0.00; 1.820; 0.00; 65535.00; 40.00; 5.00; 0.00; 255.00; 255.00; 250.00; 0.00; 0.00; 1.00; 0.00; 813607.50; 155635.75; 145209524224.00; 1.00; 0.00; 0.00; 1.00; 0.00; 0.00; 1.00; 0.00; 0.00; 0.00; 0.00; 0.00; 1.00; 0.00; 0.00; 0.00; 0.96; 0.00; 0.00; 0.00; 3.61; 0.00; 333.33; 3.33; 1.00; 1.00; 5.00 
2023-11-27 14:27:05:950;3.45; 0.00; 0.000; 3.59; 3.49; 3.50; 0.00; 0.00; 0.00; 0.00; 0.00; 3.50; 0.00; 60.00; 1.00; 0.00; 0.000; 291.01; 0.00; 1.820; 0.00; 65535.00; 40.00; 5.00; 0.00; 255.00; 255.00; 250.00; 0.00; 0.00; 1.00; 0.00; 813607.50; 155635.75; 145209524224.00; 1.00; 0.00; 0.00; 1.00; 0.00; 0.00; 1.00; 0.00; 0.00; 0.00; 0.00; 0.00; 1.00; 0.00; 0.00; 0.00; 0.96; 0.00; 0.00; 0.00; 3.61; 0.00; 333.33; 3.33; 1.00; 1.00; 5.00 
2023-11-27 14:27:06:070;3.46; 0.00; 0.000; 3.60; 3.52; 3.52; 0.00; 0.00; 0.00; 0.00; 0.00; 3.52; 0.00; 60.00; 1.00; 0.00; 0.000; 291.01; 0.00; 1.820; 0.00; 65535.00; 40.00; 5.00; 0.00; 255.00; 255.00; 250.00; 0.00; 0.00; 1.00; 0.00; 813607.50; 155635.75; 145209524224.00; 1.00; 0.00; 0.00; 1.00; 0.00; 0.00; 1.00; 0.00; 0.00; 0.00; 0.00; 0.00; 1.00; 0.00; 0.00; 0.00; 0.96; 0.00; 0.00; 0.00; 3.61; 0.00; 333.33; 3.33; 1.00; 1.00; 5.00 
2023-11-27 14:27:06:190;3.46; 0.00; 0.000; 3.59; 3.49; 3.49; 0.00; 0.00; 0.00; 0.00; 0.00; 3.48; 0.00; 60.00; 1.00; 0.00; 0.000; 291.01; 0.00; 1.820; 0.00; 65535.00; 40.00; 5.00; 0.00; 255.00; 255.00; 250.00; 0.00; 0.00; 1.00; 0.00; 813607.50; 155635.75; 145209524224.00; 1.00; 0.00; 0.00; 1.00; 0.00; 0.00; 1.00; 0.00; 0.00; 0.00; 0.00; 0.00; 1.00; 0.00; 0.00; 0.00; 0.96; 0.00; 0.00; 0.00; 3.61; 0.00; 333.33; 3.33; 1.00; 1.00; 5.00 
2023-11-27 14:27:06:310;3.48; 0.00; 0.000; 3.59; 3.50; 3.52; 0.00; 0.00; 0.00; 0.00; 0.00; 3.51; 0.00; 60.00; 1.00; 0.00; 0.000; 291.01; 0.00; 1.820; 0.00; 65535.00; 40.00; 5.00; 0.00; 255.00; 255.00; 250.00; 0.00; 0.00; 1.00; 0.00; 813607.87; 155635.75; 145209524224.00; 1.00; 0.00; 0.00; 1.00; 0.00; 0.00; 1.00; 0.00; 0.00; 0.00; 0.00; 0.00; 1.00; 0.00; 0.00; 0.00; 0.96; 0.00; 0.00; 0.00; 3.60; 0.00; 333.33; 2.92; 1.00; 1.00; 5.00 
2023-11-27 14:27:06:430;3.48; 0.00; 0.000; 3.59; 3.48; 3.49; 0.00; 0.00; 0.00; 0.00; 0.00; 3.48; 0.00; 60.00; 1.00; 0.00; 0.000; 291.01; 0.00; 1.820; 0.00; 65535.00; 40.00; 5.00; 0.00; 255.00; 255.00; 250.00; 0.00; 0.00; 1.00; 0.00; 813607.87; 155635.75; 145209524224.00; 1.00; 0.00; 0.00; 1.00; 0.00; 0.00; 1.00; 0.00; 0.00; 0.00; 0.00; 0.00; 1.00; 0.00; 0.00; 0.00; 0.96; 0.00; 0.00; 0.00; 3.60; 0.00; 333.33; 3.33; 1.00; 1.00; 5.00 
2023-11-27 14:27:06:550;3.50; 0.00; 0.000; 3.59; 3.49; 3.51; 0.00; 0.00; 0.00; 0.00; 0.00; 3.51; 0.00; 60.00; 1.00; 0.00; 0.000; 291.01; 0.00; 1.820; 0.00; 65535.00; 40.00; 5.00; 0.00; 255.00; 255.00; 250.00; 0.00; 0.00; 1.00; 0.00; 813607.87; 155635.75; 145209524224.00; 1.00; 0.00; 0.00; 1.00; 0.00; 0.00; 1.00; 0.00; 0.00; 0.00; 0.00; 0.00; 1.00; 0.00; 0.00; 0.00; 0.96; 0.00; 0.00; 0.00; 3.60; 0.00; 333.33; 2.92; 1.00; 1.00; 5.00 
2023-11-27 14:27:06:670;3.51; 0.00; 0.000; 3.58; 3.48; 3.48; 0.00; 0.00; 0.00; 0.00; 0.00; 3.48; 0.00; 60.00; 1.00; 0.00; 0.000; 291.01; 0.00; 1.820; 0.00; 65535.00; 40.00; 5.00; 0.00; 255.00; 255.00; 250.00; 0.00; 0.00; 1.00; 0.00; 813607.87; 155635.75; 145209524224.00; 1.00; 0.00; 0.00; 1.00; 0.00; 0.00; 1.00; 0.00; 0.00; 0.00; 0.00; 0.00; 1.00; 0.00; 0.00; 0.00; 0.96; 0.00; 0.00; 0.00; 3.60; 0.00; 333.33; 3.33; 1.00; 1.00; 5.00 
2023-11-27 14:27:06:790;3.51; 0.00; 0.000; 3.59; 3.51; 3.51; 0.00; 0.00; 0.00; 0.00; 0.00; 3.51; 0.00; 60.00; 1.00; 0.00; 0.000; 291.01; 0.00; 1.820; 0.00; 65535.00; 40.00; 5.00; 0.00; 255.00; 255.00; 250.00; 0.00; 0.00; 1.00; 0.00; 813608.31; 155635.75; 145209524224.00; 1.00; 0.00; 0.00; 1.00; 0.00; 0.00; 1.00; 0.00; 0.00; 0.00; 0.00; 0.00; 1.00; 0.00; 0.00; 0.00; 0.96; 0.00; 0.00; 0.00; 3.59; 0.00; 333.33; 2.92; 1.00; 1.00; 5.00 
2023-11-27 14:27:06:910;3.50; 0.00; 0.000; 3.57; 3.48; 3.48; 0.00; 0.00; 0.00; 0.00; 0.00; 3.49; 0.00; 60.00; 1.00; 0.00; 0.000; 291.01; 0.00; 1.820; 0.00; 65535.00; 40.00; 5.00; 0.00; 255.00; 255.00; 250.00; 0.00; 0.00; 1.00; 0.00; 813608.31; 155635.75; 145209524224.00; 1.00; 0.00; 0.00; 1.00; 0.00; 0.00; 1.00; 0.00; 0.00; 0.00; 0.00; 0.00; 1.00; 0.00; 0.00; 0.00; 0.96; 0.00; 0.00; 0.00; 3.59; 0.00; 333.33; 3.33; 1.00; 1.00; 5.00 
2023-11-27 14:27:07:030;3.51; 0.00; 0.000; 3.58; 3.49; 3.49; 0.00; 0.00; 0.00; 0.00; 0.00; 3.50; 0.00; 60.00; 1.00; 0.00; 0.000; 291.01; 0.00; 1.820; 0.00; 65535.00; 40.00; 5.00; 0.00; 255.00; 255.00; 250.00; 0.00; 0.00; 1.00; 0.00; 813608.31; 155635.75; 145209524224.00; 1.00; 0.00; 0.00; 1.00; 0.00; 0.00; 1.00; 0.00; 0.00; 0.00; 0.00; 0.00; 1.00; 0.00; 0.00; 0.00; 0.96; 0.00; 0.00; 0.00; 3.59; 0.00; 333.33; 2.92; 1.00; 1.00; 5.00 
2023-11-27 14:27:07:150;3.50; 0.00; 0.000; 3.58; 3.48; 3.48; 0.00; 0.00; 0.00; 0.00; 0.00; 3.48; 0.00; 60.00; 1.00; 0.00; 0.000; 291.01; 0.00; 1.820; 0.00; 65535.00; 40.00; 5.00; 0.00; 255.00; 255.00; 250.00; 0.00; 0.00; 1.00; 0.00; 813608.31; 155635.75; 145209524224.00; 1.00; 0.00; 0.00; 1.00; 0.00; 0.00; 1.00; 0.00; 0.00; 0.00; 0.00; 0.00; 1.00; 0.00; 0.00; 0.00; 0.96; 0.00; 0.00; 0.00; 3.59; 0.00; 333.33; 3.33; 1.00; 1.00; 5.00 
2023-11-27 14:27:07:270;3.50; 0.00; 0.000; 3.57; 3.48; 3.48; 0.00; 0.00; 0.00; 0.00; 0.00; 3.48; 0.00; 60.00; 1.00; 0.00; 0.000; 291.01; 0.00; 1.820; 0.00; 65535.00; 40.00; 5.00; 0.00; 255.00; 255.00; 250.00; 0.00; 0.00; 1.00; 0.00; 813608.69; 155635.75; 145209524224.00; 1.00; 0.00; 0.00; 1.00; 0.00; 0.00; 1.00; 0.00; 0.00; 0.00; 0.00; 0.00; 1.00; 0.00; 0.00; 0.00; 0.96; 0.00; 0.00; 0.00; 3.59; 0.00; 333.33; 3.33; 1.00; 1.00; 5.00 
2023-11-27 14:27:07:390;3.50; 0.00; 0.000; 3.58; 3.49; 3.50; 0.00; 0.00; 0.00; 0.00; 0.00; 3.50; 0.00; 60.00; 1.00; 0.00; 0.000; 291.01; 0.00; 1.820; 0.00; 65535.00; 40.00; 5.00; 0.00; 255.00; 255.00; 250.00; 0.00; 0.00; 1.00; 0.00; 813608.69; 155635.75; 145209524224.00; 1.00; 0.00; 0.00; 1.00; 0.00; 0.00; 1.00; 0.00; 0.00; 0.00; 0.00; 0.00; 1.00; 0.00; 0.00; 0.00; 0.96; 0.00; 0.00; 0.00; 3.58; 0.00; 333.33; 3.33; 1.00; 1.00; 5.00 
2023-11-27 14:27:07:510;3.50; 0.00; 0.000; 3.58; 3.47; 3.48; 0.00; 0.00; 0.00; 0.00; 0.00; 3.47; 0.00; 60.00; 1.00; 0.00; 0.000; 291.01; 0.00; 1.820; 0.00; 65535.00; 40.00; 5.00; 0.00; 255.00; 255.00; 250.00; 0.00; 0.00; 1.00; 0.00; 813608.69; 155635.75; 145209524224.00; 1.00; 0.00; 0.00; 1.00; 0.00; 0.00; 1.00; 0.00; 0.00; 0.00; 0.00; 0.00; 1.00; 0.00; 0.00; 0.00; 0.96; 0.00; 0.00; 0.00; 3.59; 0.00; 333.33; 3.33; 1.00; 1.00; 5.00 
2023-11-27 14:27:07:630;3.51; 0.00; 0.000; 3.57; 3.48; 3.48; 0.00; 0.00; 0.00; 0.00; 0.00; 3.49; 0.00; 60.00; 1.00; 0.00; 0.000; 291.01; 0.00; 1.820; 0.00; 65535.00; 40.00; 5.00; 0.00; 255.00; 255.00; 250.00; 0.00; 0.00; 1.00; 0.00; 813608.69; 155635.75; 145209524224.00; 1.00; 0.00; 0.00; 1.00; 0.00; 0.00; 1.00; 0.00; 0.00; 0.00; 0.00; 0.00; 1.00; 0.00; 0.00; 0.00; 0.96; 0.00; 0.00; 0.00; 3.58; 0.00; 333.33; 3.33; 1.00; 1.00; 5.00 
2023-11-27 14:27:07:750;3.50; 0.00; 0.000; 3.56; 3.47; 3.47; 0.00; 0.00; 0.00; 0.00; 0.00; 3.48; 0.00; 60.00; 1.00; 0.00; 0.000; 291.01; 0.00; 1.820; 0.00; 65535.00; 40.00; 5.00; 0.00; 255.00; 255.00; 250.00; 0.00; 0.00; 1.00; 0.00; 813609.19; 155635.75; 145209524224.00; 1.00; 0.00; 0.00; 1.00; 0.00; 0.00; 1.00; 0.00; 0.00; 0.00; 0.00; 0.00; 1.00; 0.00; 0.00; 0.00; 0.96; 0.00; 0.00; 0.00; 3.58; 0.00; 333.33; 3.33; 1.00; 1.00; 5.00 
2023-11-27 14:27:07:870;3.50; 0.00; 0.000; 3.57; 3.47; 3.46; 0.00; 0.00; 0.00; 0.00; 0.00; 3.46; 0.00; 60.00; 1.00; 0.00; 0.000; 291.01; 0.00; 1.820; 0.00; 65535.00; 40.00; 5.00; 0.00; 255.00; 255.00; 250.00; 0.00; 0.00; 1.00; 0.00; 813609.19; 155635.75; 145209524224.00; 1.00; 0.00; 0.00; 1.00; 0.00; 0.00; 1.00; 0.00; 0.00; 0.00; 0.00; 0.00; 1.00; 0.00; 0.00; 0.00; 0.96; 0.00; 0.00; 0.00; 3.57; 0.00; 333.33; 3.33; 1.00; 1.00; 5.00 
2023-11-27 14:27:07:990;3.51; 0.00; 0.000; 3.57; 3.48; 3.49; 0.00; 0.00; 0.00; 0.00; 0.00; 3.49; 0.00; 60.00; 1.00; 0.00; 0.000; 291.01; 0.00; 1.820; 0.00; 65535.00; 40.00; 5.00; 0.00; 255.00; 255.00; 250.00; 0.00; 0.00; 1.00; 0.00; 813609.19; 155635.75; 145209524224.00; 1.00; 0.00; 0.00; 1.00; 0.00; 0.00; 1.00; 0.00; 0.00; 0.00; 0.00; 0.00; 1.00; 0.00; 0.00; 0.00; 0.96; 0.00; 0.00; 0.00; 3.57; 0.00; 333.33; 3.33; 1.00; 1.00; 5.00 
2023-11-27 14:27:08:110;3.50; 0.00; 0.000; 3.56; 3.46; 3.46; 0.00; 0.00; 0.00; 0.00; 0.00; 3.47; 0.00; 60.00; 1.00; 0.00; 0.000; 291.01; 0.00; 1.820; 0.00; 65535.00; 40.00; 5.00; 0.00; 255.00; 255.00; 250.00; 0.00; 0.00; 1.00; 0.00; 813609.19; 155635.75; 145209524224.00; 1.00; 0.00; 0.00; 1.00; 0.00; 0.00; 1.00; 0.00; 0.00; 0.00; 0.00; 0.00; 1.00; 0.00; 0.00; 0.00; 0.96; 0.00; 0.00; 0.00; 3.57; 0.00; 333.33; 3.33; 1.00; 1.00; 5.00 
2023-11-27 14:27:08:230;3.52; 0.00; 0.000; 3.57; 3.48; 3.48; 0.00; 0.00; 0.00; 0.00; 0.00; 3.49; 0.00; 60.00; 1.00; 0.00; 0.000; 291.01; 0.00; 1.820; 0.00; 65535.00; 40.00; 5.00; 0.00; 255.00; 255.00; 250.00; 0.00; 0.00; 1.00; 0.00; 813609.19; 155635.75; 145209524224.00; 1.00; 0.00; 0.00; 1.00; 0.00; 0.00; 1.00; 0.00; 0.00; 0.00; 0.00; 0.00; 1.00; 0.00; 0.00; 0.00; 0.96; 0.00; 0.00; 0.00; 3.57; 0.00; 333.33; 3.33; 1.00; 1.00; 5.00 
2023-11-27 14:27:08:350;3.51; 0.00; 0.000; 3.56; 3.47; 3.47; 0.00; 0.00; 0.00; 0.00; 0.00; 3.49; 0.00; 60.00; 1.00; 0.00; 0.000; 291.01; 0.00; 1.820; 0.00; 65535.00; 40.00; 5.00; 0.00; 255.00; 255.00; 250.00; 0.00; 0.00; 1.00; 0.00; 813609.62; 155635.75; 145209524224.00; 1.00; 0.00; 0.00; 1.00; 0.00; 0.00; 1.00; 0.00; 0.00; 0.00; 0.00; 0.00; 1.00; 0.00; 0.00; 0.00; 0.96; 0.00; 0.00; 0.00; 3.57; 0.00; 333.33; 2.92; 1.00; 1.00; 5.00 
2023-11-27 14:27:08:470;3.51; 0.00; 0.000; 3.56; 3.47; 3.47; 0.00; 0.00; 0.00; 0.00; 0.00; 3.48; 0.00; 60.00; 1.00; 0.00; 0.000; 291.01; 0.00; 1.820; 0.00; 65535.00; 40.00; 5.00; 0.00; 255.00; 255.00; 250.00; 0.00; 0.00; 1.00; 0.00; 813609.62; 155635.75; 145209524224.00; 1.00; 0.00; 0.00; 1.00; 0.00; 0.00; 1.00; 0.00; 0.00; 0.00; 0.00; 0.00; 1.00; 0.00; 0.00; 0.00; 0.96; 0.00; 0.00; 0.00; 3.57; 0.00; 333.33; 3.33; 1.00; 1.00; 5.00 
2023-11-27 14:27:08:590;3.52; 0.00; 0.000; 3.56; 3.46; 3.46; 0.00; 0.00; 0.00; 0.00; 0.00; 3.47; 0.00; 60.00; 1.00; 0.00; 0.000; 291.01; 0.00; 1.820; 0.00; 65535.00; 40.00; 5.00; 0.00; 255.00; 255.00; 250.00; 0.00; 0.00; 1.00; 0.00; 813609.62; 155635.75; 145209524224.00; 1.00; 0.00; 0.00; 1.00; 0.00; 0.00; 1.00; 0.00; 0.00; 0.00; 0.00; 0.00; 1.00; 0.00; 0.00; 0.00; 0.96; 0.00; 0.00; 0.00; 3.57; 0.00; 333.33; 2.92; 1.00; 1.00; 5.00 
2023-11-27 14:27:08:710;3.52; 0.00; 0.000; 3.57; 3.48; 3.48; 0.00; 0.00; 0.00; 0.00; 0.00; 3.49; 0.00; 60.00; 1.00; 0.00; 0.000; 291.01; 0.00; 1.820; 0.00; 65535.00; 40.00; 5.00; 0.00; 255.00; 255.00; 250.00; 0.00; 0.00; 1.00; 0.00; 813609.62; 155635.75; 145209524224.00; 1.00; 0.00; 0.00; 1.00; 0.00; 0.00; 1.00; 0.00; 0.00; 0.00; 0.00; 0.00; 1.00; 0.00; 0.00; 0.00; 0.96; 0.00; 0.00; 0.00; 3.57; 0.00; 333.33; 3.33; 1.00; 1.00; 5.00 
2023-11-27 14:27:08:830;3.51; 0.00; 0.000; 3.56; 3.47; 3.48; 0.00; 0.00; 0.00; 0.00; 0.00; 3.48; 0.00; 60.00; 1.00; 0.00; 0.000; 291.01; 0.00; 1.820; 0.00; 65535.00; 40.00; 5.00; 0.00; 255.00; 255.00; 250.00; 0.00; 0.00; 1.00; 0.00; 813610.00; 155635.75; 145209524224.00; 1.00; 0.00; 0.00; 1.00; 0.00; 0.00; 1.00; 0.00; 0.00; 0.00; 0.00; 0.00; 1.00; 0.00; 0.00; 0.00; 0.96; 0.00; 0.00; 0.00; 3.57; 0.00; 333.33; 2.92; 1.00; 1.00; 5.00 
2023-11-27 14:27:08:950;3.51; 0.00; 0.000; 3.56; 3.47; 3.47; 0.00; 0.00; 0.00; 0.00; 0.00; 3.47; 0.00; 60.00; 1.00; 0.00; 0.000; 291.01; 0.00; 1.820; 0.00; 65535.00; 40.00; 5.00; 0.00; 255.00; 255.00; 250.00; 0.00; 0.00; 1.00; 0.00; 813610.00; 155635.75; 145209524224.00; 1.00; 0.00; 0.00; 1.00; 0.00; 0.00; 1.00; 0.00; 0.00; 0.00; 0.00; 0.00; 1.00; 0.00; 0.00; 0.00; 0.96; 0.00; 0.00; 0.00; 3.57; 0.00; 333.33; 3.33; 1.00; 1.00; 5.00 
2023-11-27 14:27:09:070;3.51; 0.00; 0.000; 3.56; 3.47; 3.47; 0.00; 0.00; 0.00; 0.00; 0.00; 3.48; 0.00; 60.00; 1.00; 0.00; 0.000; 291.01; 0.00; 1.820; 0.00; 65535.00; 40.00; 5.00; 0.00; 255.00; 255.00; 250.00; 0.00; 0.00; 1.00; 0.00; 813610.00; 155635.75; 145209524224.00; 1.00; 0.00; 0.00; 1.00; 0.00; 0.00; 1.00; 0.00; 0.00; 0.00; 0.00; 0.00; 1.00; 0.00; 0.00; 0.00; 0.96; 0.00; 0.00; 0.00; 3.57; 0.00; 333.33; 3.33; 1.00; 1.00; 5.00 
2023-11-27 14:27:09:190;3.51; 0.00; 0.000; 3.57; 3.47; 3.48; 0.00; 0.00; 0.00; 0.00; 0.00; 3.49; 0.00; 60.00; 1.00; 0.00; 0.000; 291.01; 0.00; 1.820; 0.00; 65535.00; 40.00; 5.00; 0.00; 255.00; 255.00; 250.00; 0.00; 0.00; 1.00; 0.00; 813610.00; 155635.75; 145209524224.00; 1.00; 0.00; 0.00; 1.00; 0.00; 0.00; 1.00; 0.00; 0.00; 0.00; 0.00; 0.00; 1.00; 0.00; 0.00; 0.00; 0.96; 0.00; 0.00; 0.00; 3.57; 0.00; 333.33; 3.33; 1.00; 1.00; 5.00 
2023-11-27 14:27:09:310;3.51; 0.00; 0.000; 3.55; 3.45; 3.46; 0.00; 0.00; 0.00; 0.00; 0.00; 3.47; 0.00; 60.00; 1.00; 0.00; 0.000; 291.01; 0.00; 1.820; 0.00; 65535.00; 40.00; 5.00; 0.00; 255.00; 255.00; 250.00; 0.00; 0.00; 1.00; 0.00; 813610.37; 155635.75; 145209524224.00; 1.00; 0.00; 0.00; 1.00; 0.00; 0.00; 1.00; 0.00; 0.00; 0.00; 0.00; 0.00; 1.00; 0.00; 0.00; 0.00; 0.96; 0.00; 0.00; 0.00; 3.57; 0.00; 333.33; 3.33; 1.00; 1.00; 5.00 
2023-11-27 14:27:09:430;3.51; 0.00; 0.000; 3.57; 3.48; 3.48; 0.00; 0.00; 0.00; 0.00; 0.00; 3.49; 0.00; 60.00; 1.00; 0.00; 0.000; 291.01; 0.00; 1.820; 0.00; 65535.00; 40.00; 5.00; 0.00; 255.00; 255.00; 250.00; 0.00; 0.00; 1.00; 0.00; 813610.37; 155635.75; 145209524224.00; 1.00; 0.00; 0.00; 1.00; 0.00; 0.00; 1.00; 0.00; 0.00; 0.00; 0.00; 0.00; 1.00; 0.00; 0.00; 0.00; 0.96; 0.00; 0.00; 0.00; 3.56; 0.00; 333.33; 3.33; 1.00; 1.00; 5.00 
2023-11-27 14:27:09:550;3.51; 0.00; 0.000; 3.55; 3.46; 3.45; 0.00; 0.00; 0.00; 0.00; 0.00; 3.46; 0.00; 60.00; 1.00; 0.00; 0.000; 291.01; 0.00; 1.820; 0.00; 65535.00; 40.00; 5.00; 0.00; 255.00; 255.00; 250.00; 0.00; 0.00; 1.00; 0.00; 813610.37; 155635.75; 145209524224.00; 1.00; 0.00; 0.00; 1.00; 0.00; 0.00; 1.00; 0.00; 0.00; 0.00; 0.00; 0.00; 1.00; 0.00; 0.00; 0.00; 0.96; 0.00; 0.00; 0.00; 3.57; 0.00; 333.33; 3.33; 1.00; 1.00; 5.00 
2023-11-27 14:27:09:670;3.51; 0.00; 0.000; 3.56; 3.47; 3.48; 0.00; 0.00; 0.00; 0.00; 0.00; 3.48; 0.00; 60.00; 1.00; 0.00; 0.000; 291.01; 0.00; 1.820; 0.00; 65535.00; 40.00; 5.00; 0.00; 255.00; 255.00; 250.00; 0.00; 0.00; 1.00; 0.00; 813610.37; 155635.75; 145209524224.00; 1.00; 0.00; 0.00; 1.00; 0.00; 0.00; 1.00; 0.00; 0.00; 0.00; 0.00; 0.00; 1.00; 0.00; 0.00; 0.00; 0.96; 0.00; 0.00; 0.00; 3.56; 0.00; 333.33; 3.33; 1.00; 1.00; 5.00 
2023-11-27 14:27:09:790;3.50; 0.00; 0.000; 3.56; 3.46; 3.47; 0.00; 0.00; 0.00; 0.00; 0.00; 3.47; 0.00; 60.00; 1.00; 0.00; 0.000; 291.01; 0.00; 1.820; 0.00; 65535.00; 40.00; 5.00; 0.00; 255.00; 255.00; 250.00; 0.00; 0.00; 1.00; 0.00; 813610.81; 155635.75; 145209524224.00; 1.00; 0.00; 0.00; 1.00; 0.00; 0.00; 1.00; 0.00; 0.00; 0.00; 0.00; 0.00; 1.00; 0.00; 0.00; 0.00; 0.96; 0.00; 0.00; 0.00; 3.56; 0.00; 333.33; 3.33; 1.00; 1.00; 5.00 
2023-11-27 14:27:09:910;3.51; 0.00; 0.000; 3.55; 3.46; 3.45; 0.00; 0.00; 0.00; 0.00; 0.00; 3.46; 0.00; 60.00; 1.00; 0.00; 0.000; 291.01; 0.00; 1.820; 0.00; 65535.00; 40.00; 5.00; 0.00; 255.00; 255.00; 250.00; 0.00; 0.00; 1.00; 0.00; 813610.81; 155635.75; 145209524224.00; 1.00; 0.00; 0.00; 1.00; 0.00; 0.00; 1.00; 0.00; 0.00; 0.00; 0.00; 0.00; 1.00; 0.00; 0.00; 0.00; 0.96; 0.00; 0.00; 0.00; 3.56; 0.00; 333.33; 3.33; 1.00; 1.00; 5.00 
2023-11-27 14:27:10:030;3.51; 0.00; 0.000; 3.55; 3.47; 3.47; 0.00; 0.00; 0.00; 0.00; 0.00; 3.47; 0.00; 60.00; 1.00; 0.00; 0.000; 291.01; 0.00; 1.820; 0.00; 65535.00; 40.00; 5.00; 0.00; 255.00; 255.00; 250.00; 0.00; 0.00; 1.00; 0.00; 813610.81; 155635.75; 145209524224.00; 1.00; 0.00; 0.00; 1.00; 0.00; 0.00; 1.00; 0.00; 0.00; 0.00; 0.00; 0.00; 1.00; 0.00; 0.00; 0.00; 0.96; 0.00; 0.00; 0.00; 3.56; 0.00; 333.33; 3.33; 1.00; 1.00; 5.00 
2023-11-27 14:27:10:150;3.51; 0.00; 0.000; 3.55; 3.47; 3.47; 0.00; 0.00; 0.00; 0.00; 0.00; 3.48; 0.00; 60.00; 1.00; 0.00; 0.000; 291.01; 0.00; 1.820; 0.00; 65535.00; 40.00; 5.00; 0.00; 255.00; 255.00; 250.00; 0.00; 0.00; 1.00; 0.00; 813610.81; 155635.75; 145209524224.00; 1.00; 0.00; 0.00; 1.00; 0.00; 0.00; 1.00; 0.00; 0.00; 0.00; 0.00; 0.00; 1.00; 0.00; 0.00; 0.00; 0.96; 0.00; 0.00; 0.00; 3.56; 0.00; 333.33; 3.33; 1.00; 1.00; 5.00 
2023-11-27 14:27:10:270;3.52; 0.00; 0.000; 3.55; 3.47; 3.45; 0.00; 0.00; 0.00; 0.00; 0.00; 3.46; 0.00; 60.00; 1.00; 0.00; 0.000; 291.01; 0.00; 1.820; 0.00; 65535.00; 40.00; 5.00; 0.00; 255.00; 255.00; 250.00; 0.00; 0.00; 1.00; 0.00; 813611.19; 155635.75; 145209524224.00; 1.00; 0.00; 0.00; 1.00; 0.00; 0.00; 1.00; 0.00; 0.00; 0.00; 0.00; 0.00; 1.00; 0.00; 0.00; 0.00; 0.96; 0.00; 0.00; 0.00; 3.56; 0.00; 333.33; 3.33; 1.00; 1.00; 5.00 
2023-11-27 14:27:10:390;3.52; 0.00; 0.000; 3.56; 3.46; 3.47; 0.00; 0.00; 0.00; 0.00; 0.00; 3.48; 0.00; 60.00; 1.00; 0.00; 0.000; 291.01; 0.00; 1.820; 0.00; 65535.00; 40.00; 5.00; 0.00; 255.00; 255.00; 250.00; 0.00; 0.00; 1.00; 0.00; 813611.19; 155635.75; 145209524224.00; 1.00; 0.00; 0.00; 1.00; 0.00; 0.00; 1.00; 0.00; 0.00; 0.00; 0.00; 0.00; 1.00; 0.00; 0.00; 0.00; 0.96; 0.00; 0.00; 0.00; 3.56; 0.00; 333.33; 2.92; 1.00; 1.00; 5.00 
2023-11-27 14:27:10:510;3.52; 0.00; 0.000; 3.55; 3.46; 3.45; 0.00; 0.00; 0.00; 0.00; 0.00; 3.45; 0.00; 60.00; 1.00; 0.00; 0.000; 291.01; 0.00; 1.820; 0.00; 65535.00; 40.00; 5.00; 0.00; 255.00; 255.00; 250.00; 0.00; 0.00; 1.00; 0.00; 813611.19; 155635.75; 145209524224.00; 1.00; 0.00; 0.00; 1.00; 0.00; 0.00; 1.00; 0.00; 0.00; 0.00; 0.00; 0.00; 1.00; 0.00; 0.00; 0.00; 0.96; 0.00; 0.00; 0.00; 3.56; 0.00; 333.33; 3.33; 1.00; 1.00; 5.00 
2023-11-27 14:27:10:630;3.52; 0.00; 0.000; 3.55; 3.47; 3.47; 0.00; 0.00; 0.00; 0.00; 0.00; 3.48; 0.00; 60.00; 1.00; 0.00; 0.000; 291.01; 0.00; 1.820; 0.00; 65535.00; 40.00; 5.00; 0.00; 255.00; 255.00; 250.00; 0.00; 0.00; 1.00; 0.00; 813611.19; 155635.75; 145209524224.00; 1.00; 0.00; 0.00; 1.00; 0.00; 0.00; 1.00; 0.00; 0.00; 0.00; 0.00; 0.00; 1.00; 0.00; 0.00; 0.00; 0.96; 0.00; 0.00; 0.00; 3.56; 0.00; 333.33; 2.92; 1.00; 1.00; 5.00 
2023-11-27 14:27:10:750;3.51; 0.00; 0.000; 3.55; 3.45; 3.45; 0.00; 0.00; 0.00; 0.00; 0.00; 3.46; 0.00; 60.00; 1.00; 0.00; 0.000; 291.01; 0.00; 1.820; 0.00; 65535.00; 40.00; 5.00; 0.00; 255.00; 255.00; 250.00; 0.00; 0.00; 1.00; 0.00; 813611.69; 155635.75; 145209524224.00; 1.00; 0.00; 0.00; 1.00; 0.00; 0.00; 1.00; 0.00; 0.00; 0.00; 0.00; 0.00; 1.00; 0.00; 0.00; 0.00; 0.96; 0.00; 0.00; 0.00; 3.56; 0.00; 333.33; 3.33; 1.00; 1.00; 5.00 
2023-11-27 14:27:10:870;3.51; 0.00; 0.000; 3.56; 3.47; 3.47; 0.00; 0.00; 0.00; 0.00; 0.00; 3.47; 0.00; 60.00; 1.00; 0.00; 0.000; 291.01; 0.00; 1.820; 0.00; 65535.00; 40.00; 5.00; 0.00; 255.00; 255.00; 250.00; 0.00; 0.00; 1.00; 0.00; 813611.69; 155635.75; 145209524224.00; 1.00; 0.00; 0.00; 1.00; 0.00; 0.00; 1.00; 0.00; 0.00; 0.00; 0.00; 0.00; 1.00; 0.00; 0.00; 0.00; 0.96; 0.00; 0.00; 0.00; 3.56; 0.00; 333.33; 3.33; 1.00; 1.00; 5.00 
2023-11-27 14:27:10:990;3.50; 0.00; 0.000; 3.55; 3.45; 3.45; 0.00; 0.00; 0.00; 0.00; 0.00; 3.45; 0.00; 60.00; 1.00; 0.00; 0.000; 291.01; 0.00; 1.820; 0.00; 65535.00; 40.00; 5.00; 0.00; 255.00; 255.00; 250.00; 0.00; 0.00; 1.00; 0.00; 813611.69; 155635.75; 145209524224.00; 1.00; 0.00; 0.00; 1.00; 0.00; 0.00; 1.00; 0.00; 0.00; 0.00; 0.00; 0.00; 1.00; 0.00; 0.00; 0.00; 0.96; 0.00; 0.00; 0.00; 3.56; 0.00; 333.33; 3.33; 1.00; 1.00; 5.00 
2023-11-27 14:27:11:110;3.49; 0.00; 0.000; 3.56; 3.47; 3.48; 0.00; 0.00; 0.00; 0.00; 0.00; 3.48; 0.00; 60.00; 1.00; 0.00; 0.000; 291.01; 0.00; 1.820; 0.00; 65535.00; 40.00; 5.00; 0.00; 255.00; 255.00; 250.00; 0.00; 0.00; 1.00; 0.00; 813611.69; 155635.75; 145209524224.00; 1.00; 0.00; 0.00; 1.00; 0.00; 0.00; 1.00; 0.00; 0.00; 0.00; 0.00; 0.00; 1.00; 0.00; 0.00; 0.00; 0.96; 0.00; 0.00; 0.00; 3.56; 0.00; 333.33; 3.33; 1.00; 1.00; 5.00 
2023-11-27 14:27:11:230;3.49; 0.00; 0.000; 3.55; 3.46; 3.45; 0.00; 0.00; 0.00; 0.00; 0.00; 3.45; 0.00; 60.00; 1.00; 0.00; 0.000; 291.01; 0.00; 1.820; 0.00; 65535.00; 40.00; 5.00; 0.00; 255.00; 255.00; 250.00; 0.00; 0.00; 1.00; 0.00; 813611.69; 155635.75; 145209524224.00; 1.00; 0.00; 0.00; 1.00; 0.00; 0.00; 1.00; 0.00; 0.00; 0.00; 0.00; 0.00; 1.00; 0.00; 0.00; 0.00; 0.96; 0.00; 0.00; 0.00; 3.56; 0.00; 333.33; 3.33; 1.00; 1.00; 5.00 
2023-11-27 14:27:11:350;3.49; 0.00; 0.000; 3.55; 3.47; 3.47; 0.00; 0.00; 0.00; 0.00; 0.00; 3.48; 0.00; 60.00; 1.00; 0.00; 0.000; 291.01; 0.00; 1.820; 0.00; 65535.00; 40.00; 5.00; 0.00; 255.00; 255.00; 250.00; 0.00; 0.00; 1.00; 0.00; 813612.12; 155635.75; 145209524224.00; 1.00; 0.00; 0.00; 1.00; 0.00; 0.00; 1.00; 0.00; 0.00; 0.00; 0.00; 0.00; 1.00; 0.00; 0.00; 0.00; 0.96; 0.00; 0.00; 0.00; 3.56; 0.00; 333.33; 3.33; 1.00; 1.00; 5.00 
2023-11-27 14:27:11:470;3.50; 0.00; 0.000; 3.55; 3.46; 3.46; 0.00; 0.00; 0.00; 0.00; 0.00; 3.46; 0.00; 60.00; 1.00; 0.00; 0.000; 291.01; 0.00; 1.820; 0.00; 65535.00; 40.00; 5.00; 0.00; 255.00; 255.00; 250.00; 0.00; 0.00; 1.00; 0.00; 813612.12; 155635.75; 145209524224.00; 1.00; 0.00; 0.00; 1.00; 0.00; 0.00; 1.00; 0.00; 0.00; 0.00; 0.00; 0.00; 1.00; 0.00; 0.00; 0.00; 0.96; 0.00; 0.00; 0.00; 3.56; 0.00; 333.33; 3.33; 1.00; 1.00; 5.00 
2023-11-27 14:27:11:590;3.51; 0.00; 0.000; 3.56; 3.46; 3.47; 0.00; 0.00; 0.00; 0.00; 0.00; 3.48; 0.00; 60.00; 1.00; 0.00; 0.000; 291.01; 0.00; 1.820; 0.00; 65535.00; 40.00; 5.00; 0.00; 255.00; 255.00; 250.00; 0.00; 0.00; 1.00; 0.00; 813612.12; 155635.75; 145209524224.00; 1.00; 0.00; 0.00; 1.00; 0.00; 0.00; 1.00; 0.00; 0.00; 0.00; 0.00; 0.00; 1.00; 0.00; 0.00; 0.00; 0.96; 0.00; 0.00; 0.00; 3.56; 0.00; 333.33; 3.33; 1.00; 1.00; 5.00 
2023-11-27 14:27:11:710;3.52; 0.00; 0.000; 3.55; 3.45; 3.45; 0.00; 0.00; 0.00; 0.00; 0.00; 3.46; 0.00; 60.00; 1.00; 0.00; 0.000; 291.01; 0.00; 1.820; 0.00; 65535.00; 40.00; 5.00; 0.00; 255.00; 255.00; 250.00; 0.00; 0.00; 1.00; 0.00; 813612.12; 155635.75; 145209524224.00; 1.00; 0.00; 0.00; 1.00; 0.00; 0.00; 1.00; 0.00; 0.00; 0.00; 0.00; 0.00; 1.00; 0.00; 0.00; 0.00; 0.96; 0.00; 0.00; 0.00; 3.56; 0.00; 333.33; 3.33; 1.00; 1.00; 5.00 
2023-11-27 14:27:11:830;3.52; 0.00; 0.000; 3.55; 3.47; 3.47; 0.00; 0.00; 0.00; 0.00; 0.00; 3.48; 0.00; 60.00; 1.00; 0.00; 0.000; 291.01; 0.00; 1.820; 0.00; 65535.00; 40.00; 5.00; 0.00; 255.00; 255.00; 250.00; 0.00; 0.00; 1.00; 0.00; 813612.50; 155635.75; 145209524224.00; 1.00; 0.00; 0.00; 1.00; 0.00; 0.00; 1.00; 0.00; 0.00; 0.00; 0.00; 0.00; 1.00; 0.00; 0.00; 0.00; 0.96; 0.00; 0.00; 0.00; 3.56; 0.00; 333.33; 3.33; 1.00; 1.00; 5.00 
2023-11-27 14:27:11:950;3.52; 0.00; 0.000; 3.54; 3.44; 3.44; 0.00; 0.00; 0.00; 0.00; 0.00; 3.44; 0.00; 60.00; 1.00; 0.00; 0.000; 291.01; 0.00; 1.820; 0.00; 65535.00; 40.00; 5.00; 0.00; 255.00; 255.00; 250.00; 0.00; 0.00; 1.00; 0.00; 813612.50; 155635.75; 145209524224.00; 1.00; 0.00; 0.00; 1.00; 0.00; 0.00; 1.00; 0.00; 0.00; 0.00; 0.00; 0.00; 1.00; 0.00; 0.00; 0.00; 0.96; 0.00; 0.00; 0.00; 3.56; 0.00; 333.33; 3.33; 1.00; 1.00; 5.00 
2023-11-27 14:27:12:070;3.52; 0.00; 0.000; 3.55; 3.47; 3.47; 0.00; 0.00; 0.00; 0.00; 0.00; 3.47; 0.00; 60.00; 1.00; 0.00; 0.000; 291.01; 0.00; 1.820; 0.00; 65535.00; 40.00; 5.00; 0.00; 255.00; 255.00; 250.00; 0.00; 0.00; 1.00; 0.00; 813612.50; 155635.75; 145209524224.00; 1.00; 0.00; 0.00; 1.00; 0.00; 0.00; 1.00; 0.00; 0.00; 0.00; 0.00; 0.00; 1.00; 0.00; 0.00; 0.00; 0.96; 0.00; 0.00; 0.00; 3.56; 0.00; 333.33; 3.33; 1.00; 1.00; 5.00 
2023-11-27 14:27:12:190;3.51; 0.00; 0.000; 3.55; 3.45; 3.45; 0.00; 0.00; 0.00; 0.00; 0.00; 3.45; 0.00; 60.00; 1.00; 0.00; 0.000; 291.01; 0.00; 1.820; 0.00; 65535.00; 40.00; 5.00; 0.00; 255.00; 255.00; 250.00; 0.00; 0.00; 1.00; 0.00; 813612.50; 155635.75; 145209524224.00; 1.00; 0.00; 0.00; 1.00; 0.00; 0.00; 1.00; 0.00; 0.00; 0.00; 0.00; 0.00; 1.00; 0.00; 0.00; 0.00; 0.96; 0.00; 0.00; 0.00; 3.56; 0.00; 333.33; 3.33; 1.00; 1.00; 5.00 
2023-11-27 14:27:12:310;3.50; 0.00; 0.000; 3.56; 3.47; 3.47; 0.00; 0.00; 0.00; 0.00; 0.00; 3.47; 0.00; 60.00; 1.00; 0.00; 0.000; 291.01; 0.00; 1.820; 0.00; 65535.00; 40.00; 5.00; 0.00; 255.00; 255.00; 250.00; 0.00; 0.00; 1.00; 0.00; 813612.87; 155635.75; 145209524224.00; 1.00; 0.00; 0.00; 1.00; 0.00; 0.00; 1.00; 0.00; 0.00; 0.00; 0.00; 0.00; 1.00; 0.00; 0.00; 0.00; 0.96; 0.00; 0.00; 0.00; 3.56; 0.00; 333.33; 3.33; 1.00; 1.00; 5.00 
2023-11-27 14:27:12:430;3.50; 0.00; 0.000; 3.54; 3.46; 3.45; 0.00; 0.00; 0.00; 0.00; 0.00; 3.46; 0.00; 60.00; 1.00; 0.00; 0.000; 291.01; 0.00; 1.820; 0.00; 65535.00; 40.00; 5.00; 0.00; 255.00; 255.00; 250.00; 0.00; 0.00; 1.00; 0.00; 813612.87; 155635.75; 145209524224.00; 1.00; 0.00; 0.00; 1.00; 0.00; 0.00; 1.00; 0.00; 0.00; 0.00; 0.00; 0.00; 1.00; 0.00; 0.00; 0.00; 0.96; 0.00; 0.00; 0.00; 3.56; 0.00; 333.33; 3.33; 1.00; 1.00; 5.00 
2023-11-27 14:27:12:550;3.50; 0.00; 0.000; 3.55; 3.45; 3.45; 0.00; 0.00; 0.00; 0.00; 0.00; 3.46; 0.00; 60.00; 1.00; 0.00; 0.000; 291.01; 0.00; 1.820; 0.00; 65535.00; 40.00; 5.00; 0.00; 255.00; 255.00; 250.00; 0.00; 0.00; 1.00; 0.00; 813612.87; 155635.75; 145209524224.00; 1.00; 0.00; 0.00; 1.00; 0.00; 0.00; 1.00; 0.00; 0.00; 0.00; 0.00; 0.00; 1.00; 0.00; 0.00; 0.00; 0.96; 0.00; 0.00; 0.00; 3.55; 0.00; 333.33; 3.33; 1.00; 1.00; 5.00 
2023-11-27 14:27:12:670;3.50; 0.00; 0.000; 3.55; 3.46; 3.47; 0.00; 0.00; 0.00; 0.00; 0.00; 3.47; 0.00; 60.00; 1.00; 0.00; 0.000; 291.01; 0.00; 1.820; 0.00; 65535.00; 40.00; 5.00; 0.00; 255.00; 255.00; 250.00; 0.00; 0.00; 1.00; 0.00; 813612.87; 155635.75; 145209524224.00; 1.00; 0.00; 0.00; 1.00; 0.00; 0.00; 1.00; 0.00; 0.00; 0.00; 0.00; 0.00; 1.00; 0.00; 0.00; 0.00; 0.96; 0.00; 0.00; 0.00; 3.56; 0.00; 333.33; 2.92; 1.00; 1.00; 5.00 
2023-11-27 14:27:12:790;3.50; 0.00; 0.000; 3.55; 3.46; 3.45; 0.00; 0.00; 0.00; 0.00; 0.00; 3.46; 0.00; 60.00; 1.00; 0.00; 0.000; 291.01; 0.00; 1.820; 0.00; 65535.00; 40.00; 5.00; 0.00; 255.00; 255.00; 250.00; 0.00; 0.00; 1.00; 0.00; 813613.31; 155635.75; 145209524224.00; 1.00; 0.00; 0.00; 1.00; 0.00; 0.00; 1.00; 0.00; 0.00; 0.00; 0.00; 0.00; 1.00; 0.00; 0.00; 0.00; 0.96; 0.00; 0.00; 0.00; 3.55; 0.00; 333.33; 3.33; 1.00; 1.00; 5.00 
2023-11-27 14:27:12:910;3.49; 0.00; 0.000; 3.55; 3.47; 3.47; 0.00; 0.00; 0.00; 0.00; 0.00; 3.47; 0.00; 60.00; 1.00; 0.00; 0.000; 291.01; 0.00; 1.820; 0.00; 65535.00; 40.00; 5.00; 0.00; 255.00; 255.00; 250.00; 0.00; 0.00; 1.00; 0.00; 813613.31; 155635.75; 145209524224.00; 1.00; 0.00; 0.00; 1.00; 0.00; 0.00; 1.00; 0.00; 0.00; 0.00; 0.00; 0.00; 1.00; 0.00; 0.00; 0.00; 0.96; 0.00; 0.00; 0.00; 3.56; 0.00; 333.33; 2.92; 1.00; 1.00; 5.00 
2023-11-27 14:27:13:030;3.49; 0.00; 0.000; 3.54; 3.45; 3.45; 0.00; 0.00; 0.00; 0.00; 0.00; 3.45; 0.00; 60.00; 1.00; 0.00; 0.000; 291.01; 0.00; 1.820; 0.00; 65535.00; 40.00; 5.00; 0.00; 255.00; 255.00; 250.00; 0.00; 0.00; 1.00; 0.00; 813613.31; 155635.75; 145209524224.00; 1.00; 0.00; 0.00; 1.00; 0.00; 0.00; 1.00; 0.00; 0.00; 0.00; 0.00; 0.00; 1.00; 0.00; 0.00; 0.00; 0.96; 0.00; 0.00; 0.00; 3.55; 0.00; 333.33; 3.33; 1.00; 1.00; 5.00 
2023-11-27 14:27:13:150;3.49; 0.00; 0.000; 3.55; 3.46; 3.46; 0.00; 0.00; 0.00; 0.00; 0.00; 3.46; 0.00; 60.00; 1.00; 0.00; 0.000; 291.01; 0.00; 1.820; 0.00; 65535.00; 40.00; 5.00; 0.00; 255.00; 255.00; 250.00; 0.00; 0.00; 1.00; 0.00; 813613.31; 155635.75; 145209524224.00; 1.00; 0.00; 0.00; 1.00; 0.00; 0.00; 1.00; 0.00; 0.00; 0.00; 0.00; 0.00; 1.00; 0.00; 0.00; 0.00; 0.96; 0.00; 0.00; 0.00; 3.55; 0.00; 333.33; 3.33; 1.00; 1.00; 5.00 
2023-11-27 14:27:13:270;3.49; 0.00; 0.000; 3.54; 3.46; 3.45; 0.00; 0.00; 0.00; 0.00; 0.00; 3.45; 0.00; 60.00; 1.00; 0.00; 0.000; 291.01; 0.00; 1.820; 0.00; 65535.00; 40.00; 5.00; 0.00; 255.00; 255.00; 250.00; 0.00; 0.00; 1.00; 0.00; 813613.69; 155635.75; 145209524224.00; 1.00; 0.00; 0.00; 1.00; 0.00; 0.00; 1.00; 0.00; 0.00; 0.00; 0.00; 0.00; 1.00; 0.00; 0.00; 0.00; 0.96; 0.00; 0.00; 0.00; 3.55; 0.00; 333.33; 3.33; 1.00; 1.00; 5.00 
2023-11-27 14:27:13:390;3.49; 0.00; 0.000; 3.55; 3.47; 3.47; 0.00; 0.00; 0.00; 0.00; 0.00; 3.47; 0.00; 60.00; 1.00; 0.00; 0.000; 291.01; 0.00; 1.820; 0.00; 65535.00; 40.00; 5.00; 0.00; 255.00; 255.00; 250.00; 0.00; 0.00; 1.00; 0.00; 813613.69; 155635.75; 145209524224.00; 1.00; 0.00; 0.00; 1.00; 0.00; 0.00; 1.00; 0.00; 0.00; 0.00; 0.00; 0.00; 1.00; 0.00; 0.00; 0.00; 0.96; 0.00; 0.00; 0.00; 3.55; 0.00; 333.33; 3.33; 1.00; 1.00; 5.00 
2023-11-27 14:27:13:510;3.50; 0.00; 0.000; 3.55; 3.45; 3.45; 0.00; 0.00; 0.00; 0.00; 0.00; 3.46; 0.00; 60.00; 1.00; 0.00; 0.000; 291.01; 0.00; 1.820; 0.00; 65535.00; 40.00; 5.00; 0.00; 255.00; 255.00; 250.00; 0.00; 0.00; 1.00; 0.00; 813613.69; 155635.75; 145209524224.00; 1.00; 0.00; 0.00; 1.00; 0.00; 0.00; 1.00; 0.00; 0.00; 0.00; 0.00; 0.00; 1.00; 0.00; 0.00; 0.00; 0.96; 0.00; 0.00; 0.00; 3.55; 0.00; 333.33; 3.33; 1.00; 1.00; 5.00 
2023-11-27 14:27:13:630;3.52; 0.00; 0.000; 3.55; 3.46; 3.46; 0.00; 0.00; 0.00; 0.00; 0.00; 3.48; 0.00; 60.00; 1.00; 0.00; 0.000; 291.01; 0.00; 1.820; 0.00; 65535.00; 40.00; 5.00; 0.00; 255.00; 255.00; 250.00; 0.00; 0.00; 1.00; 0.00; 813613.69; 155635.75; 145209524224.00; 1.00; 0.00; 0.00; 1.00; 0.00; 0.00; 1.00; 0.00; 0.00; 0.00; 0.00; 0.00; 1.00; 0.00; 0.00; 0.00; 0.96; 0.00; 0.00; 0.00; 3.55; 0.00; 333.33; 3.33; 1.00; 1.00; 5.00 
2023-11-27 14:27:13:750;3.52; 0.00; 0.000; 3.56; 3.46; 3.46; 0.00; 0.00; 0.00; 0.00; 0.00; 3.47; 0.00; 60.00; 1.00; 0.00; 0.000; 291.01; 0.00; 1.820; 0.00; 65535.00; 40.00; 5.00; 0.00; 255.00; 255.00; 250.00; 0.00; 0.00; 1.00; 0.00; 813614.19; 155635.75; 145209524224.00; 1.00; 0.00; 0.00; 1.00; 0.00; 0.00; 1.00; 0.00; 0.00; 0.00; 0.00; 0.00; 1.00; 0.00; 0.00; 0.00; 0.96; 0.00; 0.00; 0.00; 3.56; 0.00; 333.33; 3.33; 1.00; 1.00; 5.00 
2023-11-27 14:27:13:870;3.52; 0.00; 0.000; 3.54; 3.45; 3.45; 0.00; 0.00; 0.00; 0.00; 0.00; 3.47; 0.00; 60.00; 1.00; 0.00; 0.000; 291.01; 0.00; 1.820; 0.00; 65535.00; 40.00; 5.00; 0.00; 255.00; 255.00; 250.00; 0.00; 0.00; 1.00; 0.00; 813614.19; 155635.75; 145209524224.00; 1.00; 0.00; 0.00; 1.00; 0.00; 0.00; 1.00; 0.00; 0.00; 0.00; 0.00; 0.00; 1.00; 0.00; 0.00; 0.00; 0.96; 0.00; 0.00; 0.00; 3.56; 0.00; 333.33; 3.33; 1.00; 1.00; 5.00 
2023-11-27 14:27:13:990;3.52; 0.00; 0.000; 3.55; 3.47; 3.47; 0.00; 0.00; 0.00; 0.00; 0.00; 3.48; 0.00; 60.00; 1.00; 0.00; 0.000; 291.01; 0.00; 1.820; 0.00; 65535.00; 40.00; 5.00; 0.00; 255.00; 255.00; 250.00; 0.00; 0.00; 1.00; 0.00; 813614.19; 155635.75; 145209524224.00; 1.00; 0.00; 0.00; 1.00; 0.00; 0.00; 1.00; 0.00; 0.00; 0.00; 0.00; 0.00; 1.00; 0.00; 0.00; 0.00; 0.96; 0.00; 0.00; 0.00; 3.56; 0.00; 333.33; 3.33; 1.00; 1.00; 5.00 
2023-11-27 14:27:14:110;3.52; 0.00; 0.000; 3.55; 3.44; 3.45; 0.00; 0.00; 0.00; 0.00; 0.00; 3.46; 0.00; 60.00; 1.00; 0.00; 0.000; 291.01; 0.00; 1.820; 0.00; 65535.00; 40.00; 5.00; 0.00; 255.00; 255.00; 250.00; 0.00; 0.00; 1.00; 0.00; 813614.19; 155635.75; 145209524224.00; 1.00; 0.00; 0.00; 1.00; 0.00; 0.00; 1.00; 0.00; 0.00; 0.00; 0.00; 0.00; 1.00; 0.00; 0.00; 0.00; 0.96; 0.00; 0.00; 0.00; 3.56; 0.00; 333.33; 3.33; 1.00; 1.00; 5.00 
2023-11-27 14:27:14:230;3.52; 0.00; 0.000; 3.54; 3.45; 3.45; 0.00; 0.00; 0.00; 0.00; 0.00; 3.46; 0.00; 60.00; 1.00; 0.00; 0.000; 291.01; 0.00; 1.820; 0.00; 65535.00; 40.00; 5.00; 0.00; 255.00; 255.00; 250.00; 0.00; 0.00; 1.00; 0.00; 813614.19; 155635.75; 145209524224.00; 1.00; 0.00; 0.00; 1.00; 0.00; 0.00; 1.00; 0.00; 0.00; 0.00; 0.00; 0.00; 1.00; 0.00; 0.00; 0.00; 0.96; 0.00; 0.00; 0.00; 3.55; 0.00; 333.33; 3.33; 1.00; 1.00; 5.00 
2023-11-27 14:27:14:350;3.52; 0.00; 0.000; 3.56; 3.47; 3.47; 0.00; 0.00; 0.00; 0.00; 0.00; 3.48; 0.00; 60.00; 1.00; 0.00; 0.000; 291.01; 0.00; 1.820; 0.00; 65535.00; 40.00; 5.00; 0.00; 255.00; 255.00; 250.00; 0.00; 0.00; 1.00; 0.00; 813614.62; 155635.75; 145209524224.00; 1.00; 0.00; 0.00; 1.00; 0.00; 0.00; 1.00; 0.00; 0.00; 0.00; 0.00; 0.00; 1.00; 0.00; 0.00; 0.00; 0.96; 0.00; 0.00; 0.00; 3.56; 0.00; 333.33; 3.33; 1.00; 1.00; 5.00 
2023-11-27 14:27:14:470;3.54; 0.00; 0.000; 3.55; 3.46; 3.46; 0.00; 0.00; 0.00; 0.00; 0.00; 3.46; 0.00; 60.00; 1.00; 0.00; 0.000; 291.01; 0.00; 1.820; 0.00; 65535.00; 40.00; 5.00; 0.00; 255.00; 255.00; 250.00; 0.00; 0.00; 1.00; 0.00; 813614.62; 155635.75; 145209524224.00; 1.00; 0.00; 0.00; 1.00; 0.00; 0.00; 1.00; 0.00; 0.00; 0.00; 0.00; 0.00; 1.00; 0.00; 0.00; 0.00; 0.96; 0.00; 0.00; 0.00; 3.56; 0.00; 333.33; 3.33; 1.00; 1.00; 5.00 
2023-11-27 14:27:14:590;3.54; 0.00; 0.000; 3.55; 3.46; 3.46; 0.00; 0.00; 0.00; 0.00; 0.00; 3.47; 0.00; 60.00; 1.00; 0.00; 0.000; 291.01; 0.00; 1.820; 0.00; 65535.00; 40.00; 5.00; 0.00; 255.00; 255.00; 250.00; 0.00; 0.00; 1.00; 0.00; 813614.62; 155635.75; 145209524224.00; 1.00; 0.00; 0.00; 1.00; 0.00; 0.00; 1.00; 0.00; 0.00; 0.00; 0.00; 0.00; 1.00; 0.00; 0.00; 0.00; 0.96; 0.00; 0.00; 0.00; 3.56; 0.00; 333.33; 3.33; 1.00; 1.00; 5.00 
2023-11-27 14:27:14:710;3.55; 0.00; 0.000; 3.55; 3.48; 3.47; 0.00; 0.00; 0.00; 0.00; 0.00; 3.47; 0.00; 60.00; 1.00; 0.00; 0.000; 291.01; 0.00; 1.820; 0.00; 65535.00; 40.00; 5.00; 0.00; 255.00; 255.00; 250.00; 0.00; 0.00; 1.00; 0.00; 813614.62; 155635.75; 145209524224.00; 1.00; 0.00; 0.00; 1.00; 0.00; 0.00; 1.00; 0.00; 0.00; 0.00; 0.00; 0.00; 1.00; 0.00; 0.00; 0.00; 0.96; 0.00; 0.00; 0.00; 3.56; 0.00; 333.33; 3.33; 1.00; 1.00; 5.00 
2023-11-27 14:27:14:830;3.56; 0.00; 0.000; 3.54; 3.43; 3.44; 0.00; 0.00; 0.00; 0.00; 0.00; 3.44; 0.00; 60.00; 1.00; 0.00; 0.000; 291.01; 0.00; 1.820; 0.00; 65535.00; 40.00; 5.00; 0.00; 255.00; 255.00; 250.00; 0.00; 0.00; 1.00; 0.00; 813615.00; 155635.75; 145209524224.00; 1.00; 0.00; 0.00; 1.00; 0.00; 0.00; 1.00; 0.00; 0.00; 0.00; 0.00; 0.00; 1.00; 0.00; 0.00; 0.00; 0.96; 0.00; 0.00; 0.00; 3.56; 0.00; 333.33; 3.33; 1.00; 1.00; 5.00 
2023-11-27 14:27:14:950;3.56; 0.00; 0.000; 3.55; 3.46; 3.46; 0.00; 0.00; 0.00; 0.00; 0.00; 3.47; 0.00; 60.00; 1.00; 0.00; 0.000; 291.01; 0.00; 1.820; 0.00; 65535.00; 40.00; 5.00; 0.00; 255.00; 255.00; 250.00; 0.00; 0.00; 1.00; 0.00; 813615.00; 155635.75; 145209524224.00; 1.00; 0.00; 0.00; 1.00; 0.00; 0.00; 1.00; 0.00; 0.00; 0.00; 0.00; 0.00; 1.00; 0.00; 0.00; 0.00; 0.96; 0.00; 0.00; 0.00; 3.55; 0.00; 333.33; 2.92; 1.00; 1.00; 5.00 
2023-11-27 14:27:15:070;3.56; 0.00; 0.000; 3.55; 3.45; 3.45; 0.00; 0.00; 0.00; 0.00; 0.00; 3.46; 0.00; 60.00; 1.00; 0.00; 0.000; 291.01; 0.00; 1.820; 0.00; 65535.00; 40.00; 5.00; 0.00; 255.00; 255.00; 250.00; 0.00; 0.00; 1.00; 0.00; 813615.00; 155635.75; 145209524224.00; 1.00; 0.00; 0.00; 1.00; 0.00; 0.00; 1.00; 0.00; 0.00; 0.00; 0.00; 0.00; 1.00; 0.00; 0.00; 0.00; 0.96; 0.00; 0.00; 0.00; 3.55; 0.00; 333.33; 3.33; 1.00; 1.00; 5.00 
2023-11-27 14:27:15:190;3.55; 0.00; 0.000; 3.55; 3.46; 3.46; 0.00; 0.00; 0.00; 0.00; 0.00; 3.47; 0.00; 60.00; 1.00; 0.00; 0.000; 291.01; 0.00; 1.820; 0.00; 65535.00; 40.00; 5.00; 0.00; 255.00; 255.00; 250.00; 0.00; 0.00; 1.00; 0.00; 813615.00; 155635.75; 145209524224.00; 1.00; 0.00; 0.00; 1.00; 0.00; 0.00; 1.00; 0.00; 0.00; 0.00; 0.00; 0.00; 1.00; 0.00; 0.00; 0.00; 0.96; 0.00; 0.00; 0.00; 3.55; 0.00; 333.33; 2.92; 1.00; 1.00; 5.00 
2023-11-27 14:27:15:310;3.55; 0.00; 0.000; 3.55; 3.45; 3.45; 0.00; 0.00; 0.00; 0.00; 0.00; 3.47; 0.00; 60.00; 1.00; 0.00; 0.000; 291.01; 0.00; 1.820; 0.00; 65535.00; 40.00; 5.00; 0.00; 255.00; 255.00; 250.00; 0.00; 0.00; 1.00; 0.00; 813615.37; 155635.75; 145209524224.00; 1.00; 0.00; 0.00; 1.00; 0.00; 0.00; 1.00; 0.00; 0.00; 0.00; 0.00; 0.00; 1.00; 0.00; 0.00; 0.00; 0.96; 0.00; 0.00; 0.00; 3.55; 0.00; 333.33; 3.33; 1.00; 1.00; 5.00 
2023-11-27 14:27:15:430;3.54; 0.00; 0.000; 3.55; 3.46; 3.46; 0.00; 0.00; 0.00; 0.00; 0.00; 3.47; 0.00; 60.00; 1.00; 0.00; 0.000; 291.01; 0.00; 1.820; 0.00; 65535.00; 40.00; 5.00; 0.00; 255.00; 255.00; 250.00; 0.00; 0.00; 1.00; 0.00; 813615.37; 155635.75; 145209524224.00; 1.00; 0.00; 0.00; 1.00; 0.00; 0.00; 1.00; 0.00; 0.00; 0.00; 0.00; 0.00; 1.00; 0.00; 0.00; 0.00; 0.96; 0.00; 0.00; 0.00; 3.55; 0.00; 333.33; 3.33; 1.00; 1.00; 5.00 
2023-11-27 14:27:15:550;3.53; 0.00; 0.000; 3.55; 3.45; 3.45; 0.00; 0.00; 0.00; 0.00; 0.00; 3.45; 0.00; 60.00; 1.00; 0.00; 0.000; 291.01; 0.00; 1.820; 0.00; 65535.00; 40.00; 5.00; 0.00; 255.00; 255.00; 250.00; 0.00; 0.00; 1.00; 0.00; 813615.37; 155635.75; 145209524224.00; 1.00; 0.00; 0.00; 1.00; 0.00; 0.00; 1.00; 0.00; 0.00; 0.00; 0.00; 0.00; 1.00; 0.00; 0.00; 0.00; 0.96; 0.00; 0.00; 0.00; 3.55; 0.00; 333.33; 3.33; 1.00; 1.00; 5.00 
2023-11-27 14:27:15:670;3.53; 0.00; 0.000; 3.55; 3.46; 3.47; 0.00; 0.00; 0.00; 0.00; 0.00; 3.48; 0.00; 60.00; 1.00; 0.00; 0.000; 291.01; 0.00; 1.820; 0.00; 65535.00; 40.00; 5.00; 0.00; 255.00; 255.00; 250.00; 0.00; 0.00; 1.00; 0.00; 813615.37; 155635.75; 145209524224.00; 1.00; 0.00; 0.00; 1.00; 0.00; 0.00; 1.00; 0.00; 0.00; 0.00; 0.00; 0.00; 1.00; 0.00; 0.00; 0.00; 0.96; 0.00; 0.00; 0.00; 3.56; 0.00; 333.33; 3.33; 1.00; 1.00; 5.00 
2023-11-27 14:27:15:790;3.53; 0.00; 0.000; 3.55; 3.47; 3.46; 0.00; 0.00; 0.00; 0.00; 0.00; 3.46; 0.00; 60.00; 1.00; 0.00; 0.000; 291.01; 0.00; 1.820; 0.00; 65535.00; 40.00; 5.00; 0.00; 255.00; 255.00; 250.00; 0.00; 0.00; 1.00; 0.00; 813615.81; 155635.75; 145209524224.00; 1.00; 0.00; 0.00; 1.00; 0.00; 0.00; 1.00; 0.00; 0.00; 0.00; 0.00; 0.00; 1.00; 0.00; 0.00; 0.00; 0.96; 0.00; 0.00; 0.00; 3.56; 0.00; 333.33; 3.33; 1.00; 1.00; 5.00 
2023-11-27 14:27:15:910;3.52; 0.00; 0.000; 3.55; 3.45; 3.45; 0.00; 0.00; 0.00; 0.00; 0.00; 3.45; 0.00; 60.00; 1.00; 0.00; 0.000; 291.01; 0.00; 1.820; 0.00; 65535.00; 40.00; 5.00; 0.00; 255.00; 255.00; 250.00; 0.00; 0.00; 1.00; 0.00; 813615.81; 155635.75; 145209524224.00; 1.00; 0.00; 0.00; 1.00; 0.00; 0.00; 1.00; 0.00; 0.00; 0.00; 0.00; 0.00; 1.00; 0.00; 0.00; 0.00; 0.96; 0.00; 0.00; 0.00; 3.56; 0.00; 333.33; 3.33; 1.00; 1.00; 5.00 
2023-11-27 14:27:16:030;3.52; 0.00; 0.000; 3.55; 3.47; 3.47; 0.00; 0.00; 0.00; 0.00; 0.00; 3.48; 0.00; 60.00; 1.00; 0.00; 0.000; 291.01; 0.00; 1.820; 0.00; 65535.00; 40.00; 5.00; 0.00; 255.00; 255.00; 250.00; 0.00; 0.00; 1.00; 0.00; 813615.81; 155635.75; 145209524224.00; 1.00; 0.00; 0.00; 1.00; 0.00; 0.00; 1.00; 0.00; 0.00; 0.00; 0.00; 0.00; 1.00; 0.00; 0.00; 0.00; 0.96; 0.00; 0.00; 0.00; 3.56; 0.00; 333.33; 3.33; 1.00; 1.00; 5.00 
2023-11-27 14:27:16:150;3.52; 0.00; 0.000; 3.55; 3.45; 3.44; 0.00; 0.00; 0.00; 0.00; 0.00; 3.45; 0.00; 60.00; 1.00; 0.00; 0.000; 291.01; 0.00; 1.820; 0.00; 65535.00; 40.00; 5.00; 0.00; 255.00; 255.00; 250.00; 0.00; 0.00; 1.00; 0.00; 813615.81; 155635.75; 145209524224.00; 1.00; 0.00; 0.00; 1.00; 0.00; 0.00; 1.00; 0.00; 0.00; 0.00; 0.00; 0.00; 1.00; 0.00; 0.00; 0.00; 0.96; 0.00; 0.00; 0.00; 3.56; 0.00; 333.33; 3.33; 1.00; 1.00; 5.00 
2023-11-27 14:27:16:270;3.52; 0.00; 0.000; 3.55; 3.47; 3.47; 0.00; 0.00; 0.00; 0.00; 0.00; 3.48; 0.00; 60.00; 1.00; 0.00; 0.000; 291.01; 0.00; 1.820; 0.00; 65535.00; 40.00; 5.00; 0.00; 255.00; 255.00; 250.00; 0.00; 0.00; 1.00; 0.00; 813616.19; 155635.75; 145209524224.00; 1.00; 0.00; 0.00; 1.00; 0.00; 0.00; 1.00; 0.00; 0.00; 0.00; 0.00; 0.00; 1.00; 0.00; 0.00; 0.00; 0.96; 0.00; 0.00; 0.00; 3.55; 0.00; 333.33; 3.33; 1.00; 1.00; 5.00 
2023-11-27 14:27:16:390;3.52; 0.00; 0.000; 3.54; 3.46; 3.45; 0.00; 0.00; 0.00; 0.00; 0.00; 3.46; 0.00; 60.00; 1.00; 0.00; 0.000; 291.01; 0.00; 1.820; 0.00; 65535.00; 40.00; 5.00; 0.00; 255.00; 255.00; 250.00; 0.00; 0.00; 1.00; 0.00; 813616.19; 155635.75; 145209524224.00; 1.00; 0.00; 0.00; 1.00; 0.00; 0.00; 1.00; 0.00; 0.00; 0.00; 0.00; 0.00; 1.00; 0.00; 0.00; 0.00; 0.96; 0.00; 0.00; 0.00; 3.56; 0.00; 333.33; 3.33; 1.00; 1.00; 5.00 
2023-11-27 14:27:16:510;3.52; 0.00; 0.000; 3.55; 3.44; 3.44; 0.00; 0.00; 0.00; 0.00; 0.00; 3.45; 0.00; 60.00; 1.00; 0.00; 0.000; 291.01; 0.00; 1.820; 0.00; 65535.00; 40.00; 5.00; 0.00; 255.00; 255.00; 250.00; 0.00; 0.00; 1.00; 0.00; 813616.19; 155635.75; 145209524224.00; 1.00; 0.00; 0.00; 1.00; 0.00; 0.00; 1.00; 0.00; 0.00; 0.00; 0.00; 0.00; 1.00; 0.00; 0.00; 0.00; 0.96; 0.00; 0.00; 0.00; 3.55; 0.00; 333.33; 3.33; 1.00; 1.00; 5.00 
2023-11-27 14:27:16:630;3.52; 0.00; 0.000; 3.55; 3.46; 3.46; 0.00; 0.00; 0.00; 0.00; 0.00; 3.48; 0.00; 60.00; 1.00; 0.00; 0.000; 291.01; 0.00; 1.820; 0.00; 65535.00; 40.00; 5.00; 0.00; 255.00; 255.00; 250.00; 0.00; 0.00; 1.00; 0.00; 813616.19; 155635.75; 145209524224.00; 1.00; 0.00; 0.00; 1.00; 0.00; 0.00; 1.00; 0.00; 0.00; 0.00; 0.00; 0.00; 1.00; 0.00; 0.00; 0.00; 0.96; 0.00; 0.00; 0.00; 3.55; 0.00; 333.33; 3.33; 1.00; 1.00; 5.00 
2023-11-27 14:27:16:750;3.52; 0.00; 0.000; 3.55; 3.45; 3.45; 0.00; 0.00; 0.00; 0.00; 0.00; 3.46; 0.00; 60.00; 1.00; 0.00; 0.000; 291.01; 0.00; 1.820; 0.00; 65535.00; 40.00; 5.00; 0.00; 255.00; 255.00; 250.00; 0.00; 0.00; 1.00; 0.00; 813616.69; 155635.75; 145209524224.00; 1.00; 0.00; 0.00; 1.00; 0.00; 0.00; 1.00; 0.00; 0.00; 0.00; 0.00; 0.00; 1.00; 0.00; 0.00; 0.00; 0.96; 0.00; 0.00; 0.00; 3.55; 0.00; 333.33; 3.33; 1.00; 1.00; 5.00 
2023-11-27 14:27:16:870;3.50; 0.00; 0.000; 3.55; 3.46; 3.47; 0.00; 0.00; 0.00; 0.00; 0.00; 3.47; 0.00; 60.00; 1.00; 0.00; 0.000; 291.01; 0.00; 1.820; 0.00; 65535.00; 40.00; 5.00; 0.00; 255.00; 255.00; 250.00; 0.00; 0.00; 1.00; 0.00; 813616.69; 155635.75; 145209524224.00; 1.00; 0.00; 0.00; 1.00; 0.00; 0.00; 1.00; 0.00; 0.00; 0.00; 0.00; 0.00; 1.00; 0.00; 0.00; 0.00; 0.96; 0.00; 0.00; 0.00; 3.55; 0.00; 333.33; 3.33; 1.00; 1.00; 5.00 
2023-11-27 14:27:16:990;3.51; 0.00; 0.000; 3.55; 3.45; 3.46; 0.00; 0.00; 0.00; 0.00; 0.00; 3.46; 0.00; 60.00; 1.00; 0.00; 0.000; 291.01; 0.00; 1.820; 0.00; 65535.00; 40.00; 5.00; 0.00; 255.00; 255.00; 250.00; 0.00; 0.00; 1.00; 0.00; 813616.69; 155635.75; 145209524224.00; 1.00; 0.00; 0.00; 1.00; 0.00; 0.00; 1.00; 0.00; 0.00; 0.00; 0.00; 0.00; 1.00; 0.00; 0.00; 0.00; 0.96; 0.00; 0.00; 0.00; 3.55; 0.00; 333.33; 3.33; 1.00; 1.00; 5.00 
2023-11-27 14:27:17:110;3.50; 0.00; 0.000; 3.56; 3.46; 3.46; 0.00; 0.00; 0.00; 0.00; 0.00; 3.47; 0.00; 60.00; 1.00; 0.00; 0.000; 291.01; 0.00; 1.820; 0.00; 65535.00; 40.00; 5.00; 0.00; 255.00; 255.00; 250.00; 0.00; 0.00; 1.00; 0.00; 813616.69; 155635.75; 145209524224.00; 1.00; 0.00; 0.00; 1.00; 0.00; 0.00; 1.00; 0.00; 0.00; 0.00; 0.00; 0.00; 1.00; 0.00; 0.00; 0.00; 0.96; 0.00; 0.00; 0.00; 3.56; 0.00; 333.33; 3.33; 1.00; 1.00; 5.00 
2023-11-27 14:27:17:230;3.50; 0.00; 0.000; 3.55; 3.46; 3.45; 0.00; 0.00; 0.00; 0.00; 0.00; 3.46; 0.00; 60.00; 1.00; 0.00; 0.000; 291.01; 0.00; 1.820; 0.00; 65535.00; 40.00; 5.00; 0.00; 255.00; 255.00; 250.00; 0.00; 0.00; 1.00; 0.00; 813616.69; 155635.75; 145209524224.00; 1.00; 0.00; 0.00; 1.00; 0.00; 0.00; 1.00; 0.00; 0.00; 0.00; 0.00; 0.00; 1.00; 0.00; 0.00; 0.00; 0.96; 0.00; 0.00; 0.00; 3.56; 0.00; 333.33; 2.92; 1.00; 1.00; 5.00 
2023-11-27 14:27:17:350;3.50; 0.00; 0.000; 3.55; 3.46; 3.46; 0.00; 0.00; 0.00; 0.00; 0.00; 3.46; 0.00; 60.00; 1.00; 0.00; 0.000; 291.01; 0.00; 1.820; 0.00; 65535.00; 40.00; 5.00; 0.00; 255.00; 255.00; 250.00; 0.00; 0.00; 1.00; 0.00; 813617.12; 155635.75; 145209524224.00; 1.00; 0.00; 0.00; 1.00; 0.00; 0.00; 1.00; 0.00; 0.00; 0.00; 0.00; 0.00; 1.00; 0.00; 0.00; 0.00; 0.96; 0.00; 0.00; 0.00; 3.56; 0.00; 333.33; 3.33; 1.00; 1.00; 5.00 
2023-11-27 14:27:17:470;3.51; 0.00; 0.000; 3.55; 3.46; 3.46; 0.00; 0.00; 0.00; 0.00; 0.00; 3.47; 0.00; 60.00; 1.00; 0.00; 0.000; 291.01; 0.00; 1.820; 0.00; 65535.00; 40.00; 5.00; 0.00; 255.00; 255.00; 250.00; 0.00; 0.00; 1.00; 0.00; 813617.12; 155635.75; 145209524224.00; 1.00; 0.00; 0.00; 1.00; 0.00; 0.00; 1.00; 0.00; 0.00; 0.00; 0.00; 0.00; 1.00; 0.00; 0.00; 0.00; 0.96; 0.00; 0.00; 0.00; 3.56; 0.00; 333.33; 2.92; 1.00; 1.00; 5.00 
2023-11-27 14:27:17:590;3.51; 0.00; 0.000; 3.55; 3.46; 3.47; 0.00; 0.00; 0.00; 0.00; 0.00; 3.47; 0.00; 60.00; 1.00; 0.00; 0.000; 291.01; 0.00; 1.820; 0.00; 65535.00; 40.00; 5.00; 0.00; 255.00; 255.00; 250.00; 0.00; 0.00; 1.00; 0.00; 813617.12; 155635.75; 145209524224.00; 1.00; 0.00; 0.00; 1.00; 0.00; 0.00; 1.00; 0.00; 0.00; 0.00; 0.00; 0.00; 1.00; 0.00; 0.00; 0.00; 0.96; 0.00; 0.00; 0.00; 3.56; 0.00; 333.33; 3.33; 1.00; 1.00; 5.00 
2023-11-27 14:27:17:710;3.52; 0.00; 0.000; 3.54; 3.45; 3.45; 0.00; 0.00; 0.00; 0.00; 0.00; 3.45; 0.00; 60.00; 1.00; 0.00; 0.000; 291.01; 0.00; 1.820; 0.00; 65535.00; 40.00; 5.00; 0.00; 255.00; 255.00; 250.00; 0.00; 0.00; 1.00; 0.00; 813617.12; 155635.75; 145209524224.00; 1.00; 0.00; 0.00; 1.00; 0.00; 0.00; 1.00; 0.00; 0.00; 0.00; 0.00; 0.00; 1.00; 0.00; 0.00; 0.00; 0.96; 0.00; 0.00; 0.00; 3.56; 0.00; 333.33; 3.33; 1.00; 1.00; 5.00 
2023-11-27 14:27:17:830;3.53; 0.00; 0.000; 3.55; 3.46; 3.46; 0.00; 0.00; 0.00; 0.00; 0.00; 3.47; 0.00; 60.00; 1.00; 0.00; 0.000; 291.01; 0.00; 1.820; 0.00; 65535.00; 40.00; 5.00; 0.00; 255.00; 255.00; 250.00; 0.00; 0.00; 1.00; 0.00; 813617.50; 155635.75; 145209524224.00; 1.00; 0.00; 0.00; 1.00; 0.00; 0.00; 1.00; 0.00; 0.00; 0.00; 0.00; 0.00; 1.00; 0.00; 0.00; 0.00; 0.96; 0.00; 0.00; 0.00; 3.55; 0.00; 333.33; 3.33; 1.00; 1.00; 5.00 
2023-11-27 14:27:17:950;3.54; 0.00; 0.000; 3.55; 3.44; 3.46; 0.00; 0.00; 0.00; 0.00; 0.00; 3.46; 0.00; 60.00; 1.00; 0.00; 0.000; 291.01; 0.00; 1.820; 0.00; 65535.00; 40.00; 5.00; 0.00; 255.00; 255.00; 250.00; 0.00; 0.00; 1.00; 0.00; 813617.50; 155635.75; 145209524224.00; 1.00; 0.00; 0.00; 1.00; 0.00; 0.00; 1.00; 0.00; 0.00; 0.00; 0.00; 0.00; 1.00; 0.00; 0.00; 0.00; 0.96; 0.00; 0.00; 0.00; 3.55; 0.00; 333.33; 3.33; 1.00; 1.00; 5.00 
2023-11-27 14:27:18:070;3.55; 0.00; 0.000; 3.55; 3.45; 3.45; 0.00; 0.00; 0.00; 0.00; 0.00; 3.46; 0.00; 60.00; 1.00; 0.00; 0.000; 291.01; 0.00; 1.820; 0.00; 65535.00; 40.00; 5.00; 0.00; 255.00; 255.00; 250.00; 0.00; 0.00; 1.00; 0.00; 813617.50; 155635.75; 145209524224.00; 1.00; 0.00; 0.00; 1.00; 0.00; 0.00; 1.00; 0.00; 0.00; 0.00; 0.00; 0.00; 1.00; 0.00; 0.00; 0.00; 0.96; 0.00; 0.00; 0.00; 3.55; 0.00; 333.33; 3.33; 1.00; 1.00; 5.00 
2023-11-27 14:27:18:190;3.56; 0.00; 0.000; 3.55; 3.45; 3.46; 0.00; 0.00; 0.00; 0.00; 0.00; 3.46; 0.00; 60.00; 1.00; 0.00; 0.000; 291.01; 0.00; 1.820; 0.00; 65535.00; 40.00; 5.00; 0.00; 255.00; 255.00; 250.00; 0.00; 0.00; 1.00; 0.00; 813617.50; 155635.75; 145209524224.00; 1.00; 0.00; 0.00; 1.00; 0.00; 0.00; 1.00; 0.00; 0.00; 0.00; 0.00; 0.00; 1.00; 0.00; 0.00; 0.00; 0.96; 0.00; 0.00; 0.00; 3.55; 0.00; 333.33; 3.33; 1.00; 1.00; 5.00 
2023-11-27 14:27:18:310;3.56; 0.00; 0.000; 3.55; 3.45; 3.45; 0.00; 0.00; 0.00; 0.00; 0.00; 3.46; 0.00; 60.00; 1.00; 0.00; 0.000; 291.01; 0.00; 1.820; 0.00; 65535.00; 40.00; 5.00; 0.00; 255.00; 255.00; 250.00; 0.00; 0.00; 1.00; 0.00; 813617.87; 155635.75; 145209524224.00; 1.00; 0.00; 0.00; 1.00; 0.00; 0.00; 1.00; 0.00; 0.00; 0.00; 0.00; 0.00; 1.00; 0.00; 0.00; 0.00; 0.96; 0.00; 0.00; 0.00; 3.55; 0.00; 333.33; 3.33; 1.00; 1.00; 5.00 
2023-11-27 14:27:18:430;3.56; 0.00; 0.000; 3.56; 3.46; 3.47; 0.00; 0.00; 0.00; 0.00; 0.00; 3.48; 0.00; 60.00; 1.00; 0.00; 0.000; 291.01; 0.00; 1.820; 0.00; 65535.00; 40.00; 5.00; 0.00; 255.00; 255.00; 250.00; 0.00; 0.00; 1.00; 0.00; 813617.87; 155635.75; 145209524224.00; 1.00; 0.00; 0.00; 1.00; 0.00; 0.00; 1.00; 0.00; 0.00; 0.00; 0.00; 0.00; 1.00; 0.00; 0.00; 0.00; 0.96; 0.00; 0.00; 0.00; 3.55; 0.00; 333.33; 3.33; 1.00; 1.00; 5.00 
2023-11-27 14:27:18:550;3.56; 0.00; 0.000; 3.54; 3.45; 3.45; 0.00; 0.00; 0.00; 0.00; 0.00; 3.46; 0.00; 60.00; 1.00; 0.00; 0.000; 291.01; 0.00; 1.820; 0.00; 65535.00; 40.00; 5.00; 0.00; 255.00; 255.00; 250.00; 0.00; 0.00; 1.00; 0.00; 813617.87; 155635.75; 145209524224.00; 1.00; 0.00; 0.00; 1.00; 0.00; 0.00; 1.00; 0.00; 0.00; 0.00; 0.00; 0.00; 1.00; 0.00; 0.00; 0.00; 0.96; 0.00; 0.00; 0.00; 3.56; 0.00; 333.33; 3.33; 1.00; 1.00; 5.00 
2023-11-27 14:27:18:670;3.55; 0.00; 0.000; 3.55; 3.46; 3.46; 0.00; 0.00; 0.00; 0.00; 0.00; 3.47; 0.00; 60.00; 1.00; 0.00; 0.000; 291.01; 0.00; 1.820; 0.00; 65535.00; 40.00; 5.00; 0.00; 255.00; 255.00; 250.00; 0.00; 0.00; 1.00; 0.00; 813617.87; 155635.75; 145209524224.00; 1.00; 0.00; 0.00; 1.00; 0.00; 0.00; 1.00; 0.00; 0.00; 0.00; 0.00; 0.00; 1.00; 0.00; 0.00; 0.00; 0.96; 0.00; 0.00; 0.00; 3.55; 0.00; 333.33; 3.33; 1.00; 1.00; 5.00 
2023-11-27 14:27:18:790;3.54; 0.00; 0.000; 3.55; 3.46; 3.45; 0.00; 0.00; 0.00; 0.00; 0.00; 3.46; 0.00; 60.00; 1.00; 0.00; 0.000; 291.01; 0.00; 1.820; 0.00; 65535.00; 40.00; 5.00; 0.00; 255.00; 255.00; 250.00; 0.00; 0.00; 1.00; 0.00; 813618.31; 155635.75; 145209524224.00; 1.00; 0.00; 0.00; 1.00; 0.00; 0.00; 1.00; 0.00; 0.00; 0.00; 0.00; 0.00; 1.00; 0.00; 0.00; 0.00; 0.96; 0.00; 0.00; 0.00; 3.55; 0.00; 333.33; 3.33; 1.00; 1.00; 5.00 
2023-11-27 14:27:18:910;3.53; 0.00; 0.000; 3.55; 3.46; 3.46; 0.00; 0.00; 0.00; 0.00; 0.00; 3.47; 0.00; 60.00; 1.00; 0.00; 0.000; 291.01; 0.00; 1.820; 0.00; 65535.00; 40.00; 5.00; 0.00; 255.00; 255.00; 250.00; 0.00; 0.00; 1.00; 0.00; 813618.31; 155635.75; 145209524224.00; 1.00; 0.00; 0.00; 1.00; 0.00; 0.00; 1.00; 0.00; 0.00; 0.00; 0.00; 0.00; 1.00; 0.00; 0.00; 0.00; 0.96; 0.00; 0.00; 0.00; 3.55; 0.00; 333.33; 3.33; 1.00; 1.00; 5.00 
2023-11-27 14:27:19:030;3.52; 0.00; 0.000; 3.55; 3.46; 3.47; 0.00; 0.00; 0.00; 0.00; 0.00; 3.48; 0.00; 60.00; 1.00; 0.00; 0.000; 291.01; 0.00; 1.820; 0.00; 65535.00; 40.00; 5.00; 0.00; 255.00; 255.00; 250.00; 0.00; 0.00; 1.00; 0.00; 813618.31; 155635.75; 145209524224.00; 1.00; 0.00; 0.00; 1.00; 0.00; 0.00; 1.00; 0.00; 0.00; 0.00; 0.00; 0.00; 1.00; 0.00; 0.00; 0.00; 0.96; 0.00; 0.00; 0.00; 3.55; 0.00; 333.33; 3.33; 1.00; 1.00; 5.00 
2023-11-27 14:27:19:150;3.52; 0.00; 0.000; 3.55; 3.46; 3.45; 0.00; 0.00; 0.00; 0.00; 0.00; 3.45; 0.00; 60.00; 1.00; 0.00; 0.000; 291.01; 0.00; 1.820; 0.00; 65535.00; 40.00; 5.00; 0.00; 255.00; 255.00; 250.00; 0.00; 0.00; 1.00; 0.00; 813618.31; 155635.75; 145209524224.00; 1.00; 0.00; 0.00; 1.00; 0.00; 0.00; 1.00; 0.00; 0.00; 0.00; 0.00; 0.00; 1.00; 0.00; 0.00; 0.00; 0.96; 0.00; 0.00; 0.00; 3.56; 0.00; 333.33; 3.33; 1.00; 1.00; 5.00 
2023-11-27 14:27:19:270;3.52; 0.00; 0.000; 3.55; 3.46; 3.47; 0.00; 0.00; 0.00; 0.00; 0.00; 3.47; 0.00; 60.00; 1.00; 0.00; 0.000; 291.01; 0.00; 1.820; 0.00; 65535.00; 40.00; 5.00; 0.00; 255.00; 255.00; 250.00; 0.00; 0.00; 1.00; 0.00; 813618.69; 155635.75; 145209524224.00; 1.00; 0.00; 0.00; 1.00; 0.00; 0.00; 1.00; 0.00; 0.00; 0.00; 0.00; 0.00; 1.00; 0.00; 0.00; 0.00; 0.96; 0.00; 0.00; 0.00; 3.56; 0.00; 333.33; 3.33; 1.00; 1.00; 5.00 
2023-11-27 14:27:19:390;3.53; 0.00; 0.000; 3.54; 3.44; 3.46; 0.00; 0.00; 0.00; 0.00; 0.00; 3.46; 0.00; 60.00; 1.00; 0.00; 0.000; 291.01; 0.00; 1.820; 0.00; 65535.00; 40.00; 5.00; 0.00; 255.00; 255.00; 250.00; 0.00; 0.00; 1.00; 0.00; 813618.69; 155635.75; 145209524224.00; 1.00; 0.00; 0.00; 1.00; 0.00; 0.00; 1.00; 0.00; 0.00; 0.00; 0.00; 0.00; 1.00; 0.00; 0.00; 0.00; 0.96; 0.00; 0.00; 0.00; 3.56; 0.00; 333.33; 3.33; 1.00; 1.00; 5.00 
2023-11-27 14:27:19:510;3.54; 0.00; 0.000; 3.55; 3.46; 3.46; 0.00; 0.00; 0.00; 0.00; 0.00; 3.46; 0.00; 60.00; 1.00; 0.00; 0.000; 291.01; 0.00; 1.820; 0.00; 65535.00; 40.00; 5.00; 0.00; 255.00; 255.00; 250.00; 0.00; 0.00; 1.00; 0.00; 813618.69; 155635.75; 145209524224.00; 1.00; 0.00; 0.00; 1.00; 0.00; 0.00; 1.00; 0.00; 0.00; 0.00; 0.00; 0.00; 1.00; 0.00; 0.00; 0.00; 0.96; 0.00; 0.00; 0.00; 3.56; 0.00; 333.33; 2.92; 1.00; 1.00; 5.00 
2023-11-27 14:27:19:630;3.56; 0.00; 0.000; 3.55; 3.45; 3.45; 0.00; 0.00; 0.00; 0.00; 0.00; 3.45; 0.00; 60.00; 1.00; 0.00; 0.000; 291.01; 0.00; 1.820; 0.00; 65535.00; 40.00; 5.00; 0.00; 255.00; 255.00; 250.00; 0.00; 0.00; 1.00; 0.00; 813618.69; 155635.75; 145209524224.00; 1.00; 0.00; 0.00; 1.00; 0.00; 0.00; 1.00; 0.00; 0.00; 0.00; 0.00; 0.00; 1.00; 0.00; 0.00; 0.00; 0.96; 0.00; 0.00; 0.00; 3.55; 0.00; 333.33; 3.33; 1.00; 1.00; 5.00 
2023-11-27 14:27:19:750;3.58; 0.00; 0.000; 3.54; 3.46; 3.47; 0.00; 0.00; 0.00; 0.00; 0.00; 3.47; 0.00; 60.00; 1.00; 0.00; 0.000; 291.01; 0.00; 1.820; 0.00; 65535.00; 40.00; 5.00; 0.00; 255.00; 255.00; 250.00; 0.00; 0.00; 1.00; 0.00; 813619.19; 155635.75; 145209524224.00; 1.00; 0.00; 0.00; 1.00; 0.00; 0.00; 1.00; 0.00; 0.00; 0.00; 0.00; 0.00; 1.00; 0.00; 0.00; 0.00; 0.96; 0.00; 0.00; 0.00; 3.55; 0.00; 333.33; 3.33; 1.00; 1.00; 5.00 
2023-11-27 14:27:19:870;3.58; 0.00; 0.000; 3.54; 3.45; 3.45; 0.00; 0.00; 0.00; 0.00; 0.00; 3.45; 0.00; 60.00; 1.00; 0.00; 0.000; 291.01; 0.00; 1.820; 0.00; 65535.00; 40.00; 5.00; 0.00; 255.00; 255.00; 250.00; 0.00; 0.00; 1.00; 0.00; 813619.19; 155635.75; 145209524224.00; 1.00; 0.00; 0.00; 1.00; 0.00; 0.00; 1.00; 0.00; 0.00; 0.00; 0.00; 0.00; 1.00; 0.00; 0.00; 0.00; 0.96; 0.00; 0.00; 0.00; 3.55; 0.00; 333.33; 3.33; 1.00; 1.00; 5.00 
2023-11-27 14:27:19:990;3.58; 0.00; 0.000; 3.55; 3.47; 3.47; 0.00; 0.00; 0.00; 0.00; 0.00; 3.47; 0.00; 60.00; 1.00; 0.00; 0.000; 291.01; 0.00; 1.820; 0.00; 65535.00; 40.00; 5.00; 0.00; 255.00; 255.00; 250.00; 0.00; 0.00; 1.00; 0.00; 813619.19; 155635.75; 145209524224.00; 1.00; 0.00; 0.00; 1.00; 0.00; 0.00; 1.00; 0.00; 0.00; 0.00; 0.00; 0.00; 1.00; 0.00; 0.00; 0.00; 0.96; 0.00; 0.00; 0.00; 3.55; 0.00; 333.33; 3.33; 1.00; 1.00; 5.00 
2023-11-27 14:27:20:110;3.59; 0.00; 0.000; 3.54; 3.44; 3.45; 0.00; 0.00; 0.00; 0.00; 0.00; 3.45; 0.00; 60.00; 1.00; 0.00; 0.000; 291.01; 0.00; 1.820; 0.00; 65535.00; 40.00; 5.00; 0.00; 255.00; 255.00; 250.00; 0.00; 0.00; 1.00; 0.00; 813619.19; 155635.75; 145209524224.00; 1.00; 0.00; 0.00; 1.00; 0.00; 0.00; 1.00; 0.00; 0.00; 0.00; 0.00; 0.00; 1.00; 0.00; 0.00; 0.00; 0.96; 0.00; 0.00; 0.00; 3.55; 0.00; 333.33; 3.33; 1.00; 1.00; 5.00 
2023-11-27 14:27:20:230;3.58; 0.00; 0.000; 3.55; 3.46; 3.46; 0.00; 0.00; 0.00; 0.00; 0.00; 3.47; 0.00; 60.00; 1.00; 0.00; 0.000; 291.01; 0.00; 1.820; 0.00; 65535.00; 40.00; 5.00; 0.00; 255.00; 255.00; 250.00; 0.00; 0.00; 1.00; 0.00; 813619.19; 155635.75; 145209524224.00; 1.00; 0.00; 0.00; 1.00; 0.00; 0.00; 1.00; 0.00; 0.00; 0.00; 0.00; 0.00; 1.00; 0.00; 0.00; 0.00; 0.96; 0.00; 0.00; 0.00; 3.55; 0.00; 333.33; 3.33; 1.00; 1.00; 5.00 
2023-11-27 14:27:20:350;3.58; 0.00; 0.000; 3.55; 3.45; 3.45; 0.00; 0.00; 0.00; 0.00; 0.00; 3.46; 0.00; 60.00; 1.00; 0.00; 0.000; 291.01; 0.00; 1.820; 0.00; 65535.00; 40.00; 5.00; 0.00; 255.00; 255.00; 250.00; 0.00; 0.00; 1.00; 0.00; 813619.62; 155635.75; 145209524224.00; 1.00; 0.00; 0.00; 1.00; 0.00; 0.00; 1.00; 0.00; 0.00; 0.00; 0.00; 0.00; 1.00; 0.00; 0.00; 0.00; 0.96; 0.00; 0.00; 0.00; 3.55; 0.00; 333.33; 3.33; 1.00; 1.00; 5.00 
2023-11-27 14:27:20:470;3.58; 0.00; 0.000; 3.54; 3.45; 3.45; 0.00; 0.00; 0.00; 0.00; 0.00; 3.46; 0.00; 60.00; 1.00; 0.00; 0.000; 291.01; 0.00; 1.820; 0.00; 65535.00; 40.00; 5.00; 0.00; 255.00; 255.00; 250.00; 0.00; 0.00; 1.00; 0.00; 813619.62; 155635.75; 145209524224.00; 1.00; 0.00; 0.00; 1.00; 0.00; 0.00; 1.00; 0.00; 0.00; 0.00; 0.00; 0.00; 1.00; 0.00; 0.00; 0.00; 0.96; 0.00; 0.00; 0.00; 3.55; 0.00; 333.33; 3.33; 1.00; 1.00; 5.00 
2023-11-27 14:27:20:590;3.57; 0.00; 0.000; 3.55; 3.47; 3.46; 0.00; 0.00; 0.00; 0.00; 0.00; 3.47; 0.00; 60.00; 1.00; 0.00; 0.000; 291.01; 0.00; 1.820; 0.00; 65535.00; 40.00; 5.00; 0.00; 255.00; 255.00; 250.00; 0.00; 0.00; 1.00; 0.00; 813619.62; 155635.75; 145209524224.00; 1.00; 0.00; 0.00; 1.00; 0.00; 0.00; 1.00; 0.00; 0.00; 0.00; 0.00; 0.00; 1.00; 0.00; 0.00; 0.00; 0.96; 0.00; 0.00; 0.00; 3.55; 0.00; 333.33; 3.33; 1.00; 1.00; 5.00 
2023-11-27 14:27:20:710;3.56; 0.00; 0.000; 3.55; 3.45; 3.45; 0.00; 0.00; 0.00; 0.00; 0.00; 3.45; 0.00; 60.00; 1.00; 0.00; 0.000; 291.01; 0.00; 1.820; 0.00; 65535.00; 40.00; 5.00; 0.00; 255.00; 255.00; 250.00; 0.00; 0.00; 1.00; 0.00; 813619.62; 155635.75; 145209524224.00; 1.00; 0.00; 0.00; 1.00; 0.00; 0.00; 1.00; 0.00; 0.00; 0.00; 0.00; 0.00; 1.00; 0.00; 0.00; 0.00; 0.96; 0.00; 0.00; 0.00; 3.55; 0.00; 333.33; 3.33; 1.00; 1.00; 5.00 
2023-11-27 14:27:20:830;3.55; 0.00; 0.000; 3.55; 3.47; 3.47; 0.00; 0.00; 0.00; 0.00; 0.00; 3.47; 0.00; 60.00; 1.00; 0.00; 0.000; 291.01; 0.00; 1.820; 0.00; 65535.00; 40.00; 5.00; 0.00; 255.00; 255.00; 250.00; 0.00; 0.00; 1.00; 0.00; 813620.00; 155635.75; 145209524224.00; 1.00; 0.00; 0.00; 1.00; 0.00; 0.00; 1.00; 0.00; 0.00; 0.00; 0.00; 0.00; 1.00; 0.00; 0.00; 0.00; 0.96; 0.00; 0.00; 0.00; 3.55; 0.00; 333.33; 3.33; 1.00; 1.00; 5.00 
2023-11-27 14:27:20:950;3.54; 0.00; 0.000; 3.54; 3.45; 3.46; 0.00; 0.00; 0.00; 0.00; 0.00; 3.46; 0.00; 60.00; 1.00; 0.00; 0.000; 291.01; 0.00; 1.820; 0.00; 65535.00; 40.00; 5.00; 0.00; 255.00; 255.00; 250.00; 0.00; 0.00; 1.00; 0.00; 813620.00; 155635.75; 145209524224.00; 1.00; 0.00; 0.00; 1.00; 0.00; 0.00; 1.00; 0.00; 0.00; 0.00; 0.00; 0.00; 1.00; 0.00; 0.00; 0.00; 0.96; 0.00; 0.00; 0.00; 3.56; 0.00; 333.33; 3.33; 1.00; 1.00; 5.00 
2023-11-27 14:27:21:070;3.54; 0.00; 0.000; 3.55; 3.47; 3.47; 0.00; 0.00; 0.00; 0.00; 0.00; 3.47; 0.00; 60.00; 1.00; 0.00; 0.000; 291.01; 0.00; 1.820; 0.00; 65535.00; 40.00; 5.00; 0.00; 255.00; 255.00; 250.00; 0.00; 0.00; 1.00; 0.00; 813620.00; 155635.75; 145209524224.00; 1.00; 0.00; 0.00; 1.00; 0.00; 0.00; 1.00; 0.00; 0.00; 0.00; 0.00; 0.00; 1.00; 0.00; 0.00; 0.00; 0.96; 0.00; 0.00; 0.00; 3.55; 0.00; 333.33; 3.33; 1.00; 1.00; 5.00 
2023-11-27 14:27:21:190;3.54; 0.00; 0.000; 3.55; 3.46; 3.46; 0.00; 0.00; 0.00; 0.00; 0.00; 3.46; 0.00; 60.00; 1.00; 0.00; 0.000; 291.01; 0.00; 1.820; 0.00; 65535.00; 40.00; 5.00; 0.00; 255.00; 255.00; 250.00; 0.00; 0.00; 1.00; 0.00; 813620.00; 155635.75; 145209524224.00; 1.00; 0.00; 0.00; 1.00; 0.00; 0.00; 1.00; 0.00; 0.00; 0.00; 0.00; 0.00; 1.00; 0.00; 0.00; 0.00; 0.96; 0.00; 0.00; 0.00; 3.56; 0.00; 333.33; 3.33; 1.00; 1.00; 5.00 
2023-11-27 14:27:21:310;3.54; 0.00; 0.000; 3.55; 3.45; 3.45; 0.00; 0.00; 0.00; 0.00; 0.00; 3.46; 0.00; 60.00; 1.00; 0.00; 0.000; 291.01; 0.00; 1.820; 0.00; 65535.00; 40.00; 5.00; 0.00; 255.00; 255.00; 250.00; 0.00; 0.00; 1.00; 0.00; 813620.37; 155635.75; 145209524224.00; 1.00; 0.00; 0.00; 1.00; 0.00; 0.00; 1.00; 0.00; 0.00; 0.00; 0.00; 0.00; 1.00; 0.00; 0.00; 0.00; 0.96; 0.00; 0.00; 0.00; 3.55; 0.00; 333.33; 3.33; 1.00; 1.00; 5.00 
2023-11-27 14:27:21:430;3.53; 0.00; 0.000; 3.55; 3.46; 3.45; 0.00; 0.00; 0.00; 0.00; 0.00; 3.47; 0.00; 60.00; 1.00; 0.00; 0.000; 291.01; 0.00; 1.820; 0.00; 65535.00; 40.00; 5.00; 0.00; 255.00; 255.00; 250.00; 0.00; 0.00; 1.00; 0.00; 813620.37; 155635.75; 145209524224.00; 1.00; 0.00; 0.00; 1.00; 0.00; 0.00; 1.00; 0.00; 0.00; 0.00; 0.00; 0.00; 1.00; 0.00; 0.00; 0.00; 0.96; 0.00; 0.00; 0.00; 3.55; 0.00; 333.33; 3.33; 1.00; 1.00; 5.00 
2023-11-27 14:27:21:550;3.53; 0.00; 0.000; 3.55; 3.46; 3.46; 0.00; 0.00; 0.00; 0.00; 0.00; 3.47; 0.00; 60.00; 1.00; 0.00; 0.000; 291.01; 0.00; 1.820; 0.00; 65535.00; 40.00; 5.00; 0.00; 255.00; 255.00; 250.00; 0.00; 0.00; 1.00; 0.00; 813620.37; 155635.75; 145209524224.00; 1.00; 0.00; 0.00; 1.00; 0.00; 0.00; 1.00; 0.00; 0.00; 0.00; 0.00; 0.00; 1.00; 0.00; 0.00; 0.00; 0.96; 0.00; 0.00; 0.00; 3.55; 0.00; 333.33; 2.92; 1.00; 1.00; 5.00 
2023-11-27 14:27:21:670;3.53; 0.00; 0.000; 3.55; 3.45; 3.46; 0.00; 0.00; 0.00; 0.00; 0.00; 3.46; 0.00; 60.00; 1.00; 0.00; 0.000; 291.01; 0.00; 1.820; 0.00; 65535.00; 40.00; 5.00; 0.00; 255.00; 255.00; 250.00; 0.00; 0.00; 1.00; 0.00; 813620.37; 155635.75; 145209524224.00; 1.00; 0.00; 0.00; 1.00; 0.00; 0.00; 1.00; 0.00; 0.00; 0.00; 0.00; 0.00; 1.00; 0.00; 0.00; 0.00; 0.96; 0.00; 0.00; 0.00; 3.55; 0.00; 333.33; 3.33; 1.00; 1.00; 5.00 
2023-11-27 14:27:21:790;3.52; 0.00; 0.000; 3.55; 3.45; 3.45; 0.00; 0.00; 0.00; 0.00; 0.00; 3.46; 0.00; 60.00; 1.00; 0.00; 0.000; 291.01; 0.00; 1.820; 0.00; 65535.00; 40.00; 5.00; 0.00; 255.00; 255.00; 250.00; 0.00; 0.00; 1.00; 0.00; 813620.81; 155635.75; 145209524224.00; 1.00; 0.00; 0.00; 1.00; 0.00; 0.00; 1.00; 0.00; 0.00; 0.00; 0.00; 0.00; 1.00; 0.00; 0.00; 0.00; 0.96; 0.00; 0.00; 0.00; 3.55; 0.00; 333.33; 2.92; 1.00; 1.00; 5.00 
2023-11-27 14:27:21:910;3.51; 0.00; 0.000; 3.56; 3.46; 3.47; 0.00; 0.00; 0.00; 0.00; 0.00; 3.48; 0.00; 60.00; 1.00; 0.00; 0.000; 291.01; 0.00; 1.820; 0.00; 65535.00; 40.00; 5.00; 0.00; 255.00; 255.00; 250.00; 0.00; 0.00; 1.00; 0.00; 813620.81; 155635.75; 145209524224.00; 1.00; 0.00; 0.00; 1.00; 0.00; 0.00; 1.00; 0.00; 0.00; 0.00; 0.00; 0.00; 1.00; 0.00; 0.00; 0.00; 0.96; 0.00; 0.00; 0.00; 3.55; 0.00; 333.33; 3.33; 1.00; 1.00; 5.00 
2023-11-27 14:27:22:030;3.50; 0.00; 0.000; 3.54; 3.45; 3.45; 0.00; 0.00; 0.00; 0.00; 0.00; 3.46; 0.00; 60.00; 1.00; 0.00; 0.000; 291.01; 0.00; 1.820; 0.00; 65535.00; 40.00; 5.00; 0.00; 255.00; 255.00; 250.00; 0.00; 0.00; 1.00; 0.00; 813620.81; 155635.75; 145209524224.00; 1.00; 0.00; 0.00; 1.00; 0.00; 0.00; 1.00; 0.00; 0.00; 0.00; 0.00; 0.00; 1.00; 0.00; 0.00; 0.00; 0.96; 0.00; 0.00; 0.00; 3.56; 0.00; 333.33; 2.92; 1.00; 1.00; 5.00 
2023-11-27 14:27:22:150;3.49; 0.00; 0.000; 3.55; 3.45; 3.45; 0.00; 0.00; 0.00; 0.00; 0.00; 3.45; 0.00; 60.00; 1.00; 0.00; 0.000; 291.01; 0.00; 1.820; 0.00; 65535.00; 40.00; 5.00; 0.00; 255.00; 255.00; 250.00; 0.00; 0.00; 1.00; 0.00; 813620.81; 155635.75; 145209524224.00; 1.00; 0.00; 0.00; 1.00; 0.00; 0.00; 1.00; 0.00; 0.00; 0.00; 0.00; 0.00; 1.00; 0.00; 0.00; 0.00; 0.96; 0.00; 0.00; 0.00; 3.55; 0.00; 333.33; 3.33; 1.00; 1.00; 5.00 
2023-11-27 14:27:22:270;3.50; 0.00; 0.000; 3.55; 3.47; 3.48; 0.00; 0.00; 0.00; 0.00; 0.00; 3.48; 0.00; 60.00; 1.00; 0.00; 0.000; 291.01; 0.00; 1.820; 0.00; 65535.00; 40.00; 5.00; 0.00; 255.00; 255.00; 250.00; 0.00; 0.00; 1.00; 0.00; 813621.19; 155635.75; 145209524224.00; 1.00; 0.00; 0.00; 1.00; 0.00; 0.00; 1.00; 0.00; 0.00; 0.00; 0.00; 0.00; 1.00; 0.00; 0.00; 0.00; 0.96; 0.00; 0.00; 0.00; 3.55; 0.00; 333.33; 3.33; 1.00; 1.00; 5.00 
2023-11-27 14:27:22:390;3.50; 0.00; 0.000; 3.54; 3.45; 3.45; 0.00; 0.00; 0.00; 0.00; 0.00; 3.45; 0.00; 60.00; 1.00; 0.00; 0.000; 291.01; 0.00; 1.820; 0.00; 65535.00; 40.00; 5.00; 0.00; 255.00; 255.00; 250.00; 0.00; 0.00; 1.00; 0.00; 813621.19; 155635.75; 145209524224.00; 1.00; 0.00; 0.00; 1.00; 0.00; 0.00; 1.00; 0.00; 0.00; 0.00; 0.00; 0.00; 1.00; 0.00; 0.00; 0.00; 0.96; 0.00; 0.00; 0.00; 3.55; 0.00; 333.33; 3.33; 1.00; 1.00; 5.00 
2023-11-27 14:27:22:510;3.50; 0.00; 0.000; 3.55; 3.46; 3.46; 0.00; 0.00; 0.00; 0.00; 0.00; 3.46; 0.00; 60.00; 1.00; 0.00; 0.000; 291.01; 0.00; 1.820; 0.00; 65535.00; 40.00; 5.00; 0.00; 255.00; 255.00; 250.00; 0.00; 0.00; 1.00; 0.00; 813621.19; 155635.75; 145209524224.00; 1.00; 0.00; 0.00; 1.00; 0.00; 0.00; 1.00; 0.00; 0.00; 0.00; 0.00; 0.00; 1.00; 0.00; 0.00; 0.00; 0.96; 0.00; 0.00; 0.00; 3.55; 0.00; 333.33; 3.33; 1.00; 1.00; 5.00 
2023-11-27 14:27:22:630;3.49; 0.00; 0.000; 3.55; 3.45; 3.45; 0.00; 0.00; 0.00; 0.00; 0.00; 3.46; 0.00; 60.00; 1.00; 0.00; 0.000; 291.01; 0.00; 1.820; 0.00; 65535.00; 40.00; 5.00; 0.00; 255.00; 255.00; 250.00; 0.00; 0.00; 1.00; 0.00; 813621.19; 155635.75; 145209524224.00; 1.00; 0.00; 0.00; 1.00; 0.00; 0.00; 1.00; 0.00; 0.00; 0.00; 0.00; 0.00; 1.00; 0.00; 0.00; 0.00; 0.96; 0.00; 0.00; 0.00; 3.55; 0.00; 333.33; 3.33; 1.00; 1.00; 5.00 
2023-11-27 14:27:22:750;3.49; 0.00; 0.000; 3.55; 3.46; 3.47; 0.00; 0.00; 0.00; 0.00; 0.00; 3.48; 0.00; 60.00; 1.00; 0.00; 0.000; 291.01; 0.00; 1.820; 0.00; 65535.00; 40.00; 5.00; 0.00; 255.00; 255.00; 250.00; 0.00; 0.00; 1.00; 0.00; 813621.69; 155635.75; 145209524224.00; 1.00; 0.00; 0.00; 1.00; 0.00; 0.00; 1.00; 0.00; 0.00; 0.00; 0.00; 0.00; 1.00; 0.00; 0.00; 0.00; 0.96; 0.00; 0.00; 0.00; 3.56; 0.00; 333.33; 3.33; 1.00; 1.00; 5.00 
2023-11-27 14:27:22:870;3.49; 0.00; 0.000; 3.54; 3.44; 3.44; 0.00; 0.00; 0.00; 0.00; 0.00; 3.44; 0.00; 60.00; 1.00; 0.00; 0.000; 291.01; 0.00; 1.820; 0.00; 65535.00; 40.00; 5.00; 0.00; 255.00; 255.00; 250.00; 0.00; 0.00; 1.00; 0.00; 813621.69; 155635.75; 145209524224.00; 1.00; 0.00; 0.00; 1.00; 0.00; 0.00; 1.00; 0.00; 0.00; 0.00; 0.00; 0.00; 1.00; 0.00; 0.00; 0.00; 0.96; 0.00; 0.00; 0.00; 3.55; 0.00; 333.33; 3.33; 1.00; 1.00; 5.00 
2023-11-27 14:27:22:990;3.49; 0.00; 0.000; 3.55; 3.46; 3.46; 0.00; 0.00; 0.00; 0.00; 0.00; 3.47; 0.00; 60.00; 1.00; 0.00; 0.000; 291.01; 0.00; 1.820; 0.00; 65535.00; 40.00; 5.00; 0.00; 255.00; 255.00; 250.00; 0.00; 0.00; 1.00; 0.00; 813621.69; 155635.75; 145209524224.00; 1.00; 0.00; 0.00; 1.00; 0.00; 0.00; 1.00; 0.00; 0.00; 0.00; 0.00; 0.00; 1.00; 0.00; 0.00; 0.00; 0.96; 0.00; 0.00; 0.00; 3.55; 0.00; 333.33; 3.33; 1.00; 1.00; 5.00 
2023-11-27 14:27:23:110;3.49; 0.00; 0.000; 3.55; 3.46; 3.45; 0.00; 0.00; 0.00; 0.00; 0.00; 3.46; 0.00; 60.00; 1.00; 0.00; 0.000; 291.01; 0.00; 1.820; 0.00; 65535.00; 40.00; 5.00; 0.00; 255.00; 255.00; 250.00; 0.00; 0.00; 1.00; 0.00; 813621.69; 155635.75; 145209524224.00; 1.00; 0.00; 0.00; 1.00; 0.00; 0.00; 1.00; 0.00; 0.00; 0.00; 0.00; 0.00; 1.00; 0.00; 0.00; 0.00; 0.96; 0.00; 0.00; 0.00; 3.55; 0.00; 333.33; 3.33; 1.00; 1.00; 5.00 
2023-11-27 14:27:23:230;3.49; 0.00; 0.000; 3.55; 3.46; 3.46; 0.00; 0.00; 0.00; 0.00; 0.00; 3.46; 0.00; 60.00; 1.00; 0.00; 0.000; 291.01; 0.00; 1.820; 0.00; 65535.00; 40.00; 5.00; 0.00; 255.00; 255.00; 250.00; 0.00; 0.00; 1.00; 0.00; 813621.69; 155635.75; 145209524224.00; 1.00; 0.00; 0.00; 1.00; 0.00; 0.00; 1.00; 0.00; 0.00; 0.00; 0.00; 0.00; 1.00; 0.00; 0.00; 0.00; 0.96; 0.00; 0.00; 0.00; 3.55; 0.00; 333.33; 3.33; 1.00; 1.00; 5.00 
2023-11-27 14:27:23:350;3.49; 0.00; 0.000; 3.55; 3.45; 3.46; 0.00; 0.00; 0.00; 0.00; 0.00; 3.47; 0.00; 60.00; 1.00; 0.00; 0.000; 291.01; 0.00; 1.820; 0.00; 65535.00; 40.00; 5.00; 0.00; 255.00; 255.00; 250.00; 0.00; 0.00; 1.00; 0.00; 813622.12; 155635.75; 145209524224.00; 1.00; 0.00; 0.00; 1.00; 0.00; 0.00; 1.00; 0.00; 0.00; 0.00; 0.00; 0.00; 1.00; 0.00; 0.00; 0.00; 0.96; 0.00; 0.00; 0.00; 3.55; 0.00; 333.33; 3.33; 1.00; 1.00; 5.00 
2023-11-27 14:27:23:470;3.50; 0.00; 0.000; 3.55; 3.47; 3.46; 0.00; 0.00; 0.00; 0.00; 0.00; 3.47; 0.00; 60.00; 1.00; 0.00; 0.000; 291.01; 0.00; 1.820; 0.00; 65535.00; 40.00; 5.00; 0.00; 255.00; 255.00; 250.00; 0.00; 0.00; 1.00; 0.00; 813622.12; 155635.75; 145209524224.00; 1.00; 0.00; 0.00; 1.00; 0.00; 0.00; 1.00; 0.00; 0.00; 0.00; 0.00; 0.00; 1.00; 0.00; 0.00; 0.00; 0.96; 0.00; 0.00; 0.00; 3.55; 0.00; 333.33; 3.33; 1.00; 1.00; 5.00 
2023-11-27 14:27:23:590;3.50; 0.00; 0.000; 3.55; 3.45; 3.46; 0.00; 0.00; 0.00; 0.00; 0.00; 3.47; 0.00; 60.00; 1.00; 0.00; 0.000; 291.01; 0.00; 1.820; 0.00; 65535.00; 40.00; 5.00; 0.00; 255.00; 255.00; 250.00; 0.00; 0.00; 1.00; 0.00; 813622.12; 155635.75; 145209524224.00; 1.00; 0.00; 0.00; 1.00; 0.00; 0.00; 1.00; 0.00; 0.00; 0.00; 0.00; 0.00; 1.00; 0.00; 0.00; 0.00; 0.96; 0.00; 0.00; 0.00; 3.55; 0.00; 333.33; 3.33; 1.00; 1.00; 5.00 
2023-11-27 14:27:23:710;3.50; 0.00; 0.000; 3.54; 3.45; 3.44; 0.00; 0.00; 0.00; 0.00; 0.00; 3.45; 0.00; 60.00; 1.00; 0.00; 0.000; 291.01; 0.00; 1.820; 0.00; 65535.00; 40.00; 5.00; 0.00; 255.00; 255.00; 250.00; 0.00; 0.00; 1.00; 0.00; 813622.12; 155635.75; 145209524224.00; 1.00; 0.00; 0.00; 1.00; 0.00; 0.00; 1.00; 0.00; 0.00; 0.00; 0.00; 0.00; 1.00; 0.00; 0.00; 0.00; 0.96; 0.00; 0.00; 0.00; 3.56; 0.00; 333.33; 3.33; 1.00; 1.00; 5.00 
2023-11-27 14:27:23:830;3.50; 0.00; 0.000; 3.55; 3.46; 3.47; 0.00; 0.00; 0.00; 0.00; 0.00; 3.48; 0.00; 60.00; 1.00; 0.00; 0.000; 291.01; 0.00; 1.820; 0.00; 65535.00; 40.00; 5.00; 0.00; 255.00; 255.00; 250.00; 0.00; 0.00; 1.00; 0.00; 813622.50; 155635.75; 145209524224.00; 1.00; 0.00; 0.00; 1.00; 0.00; 0.00; 1.00; 0.00; 0.00; 0.00; 0.00; 0.00; 1.00; 0.00; 0.00; 0.00; 0.96; 0.00; 0.00; 0.00; 3.55; 0.00; 333.33; 3.33; 1.00; 1.00; 5.00 
2023-11-27 14:27:23:950;3.51; 0.00; 0.000; 3.54; 3.45; 3.45; 0.00; 0.00; 0.00; 0.00; 0.00; 3.46; 0.00; 60.00; 1.00; 0.00; 0.000; 291.01; 0.00; 1.820; 0.00; 65535.00; 40.00; 5.00; 0.00; 255.00; 255.00; 250.00; 0.00; 0.00; 1.00; 0.00; 813622.50; 155635.75; 145209524224.00; 1.00; 0.00; 0.00; 1.00; 0.00; 0.00; 1.00; 0.00; 0.00; 0.00; 0.00; 0.00; 1.00; 0.00; 0.00; 0.00; 0.96; 0.00; 0.00; 0.00; 3.56; 0.00; 333.33; 3.33; 1.00; 1.00; 5.00 
2023-11-27 14:27:24:070;3.52; 0.00; 0.000; 3.55; 3.46; 3.46; 0.00; 0.00; 0.00; 0.00; 0.00; 3.47; 0.00; 60.00; 1.00; 0.00; 0.000; 291.01; 0.00; 1.820; 0.00; 65535.00; 40.00; 5.00; 0.00; 255.00; 255.00; 250.00; 0.00; 0.00; 1.00; 0.00; 813622.50; 155635.75; 145209524224.00; 1.00; 0.00; 0.00; 1.00; 0.00; 0.00; 1.00; 0.00; 0.00; 0.00; 0.00; 0.00; 1.00; 0.00; 0.00; 0.00; 0.96; 0.00; 0.00; 0.00; 3.56; 0.00; 333.33; 2.92; 1.00; 1.00; 5.00 
2023-11-27 14:27:24:190;3.54; 0.00; 0.000; 3.55; 3.46; 3.46; 0.00; 0.00; 0.00; 0.00; 0.00; 3.47; 0.00; 60.00; 1.00; 0.00; 0.000; 291.01; 0.00; 1.820; 0.00; 65535.00; 40.00; 5.00; 0.00; 255.00; 255.00; 250.00; 0.00; 0.00; 1.00; 0.00; 813622.50; 155635.75; 145209524224.00; 1.00; 0.00; 0.00; 1.00; 0.00; 0.00; 1.00; 0.00; 0.00; 0.00; 0.00; 0.00; 1.00; 0.00; 0.00; 0.00; 0.96; 0.00; 0.00; 0.00; 3.56; 0.00; 333.33; 3.33; 1.00; 1.00; 5.00 
2023-11-27 14:27:24:310;3.54; 0.00; 0.000; 3.54; 3.45; 3.45; 0.00; 0.00; 0.00; 0.00; 0.00; 3.45; 0.00; 60.00; 1.00; 0.00; 0.000; 291.01; 0.00; 1.820; 0.00; 65535.00; 40.00; 5.00; 0.00; 255.00; 255.00; 250.00; 0.00; 0.00; 1.00; 0.00; 813622.87; 155635.75; 145209524224.00; 1.00; 0.00; 0.00; 1.00; 0.00; 0.00; 1.00; 0.00; 0.00; 0.00; 0.00; 0.00; 1.00; 0.00; 0.00; 0.00; 0.96; 0.00; 0.00; 0.00; 3.55; 0.00; 333.33; 2.92; 1.00; 1.00; 5.00 
2023-11-27 14:27:24:430;3.54; 0.00; 0.000; 3.55; 3.46; 3.46; 0.00; 0.00; 0.00; 0.00; 0.00; 3.47; 0.00; 60.00; 1.00; 0.00; 0.000; 291.01; 0.00; 1.820; 0.00; 65535.00; 40.00; 5.00; 0.00; 255.00; 255.00; 250.00; 0.00; 0.00; 1.00; 0.00; 813622.87; 155635.75; 145209524224.00; 1.00; 0.00; 0.00; 1.00; 0.00; 0.00; 1.00; 0.00; 0.00; 0.00; 0.00; 0.00; 1.00; 0.00; 0.00; 0.00; 0.96; 0.00; 0.00; 0.00; 3.55; 0.00; 333.33; 3.33; 1.00; 1.00; 5.00 
2023-11-27 14:27:24:550;3.55; 0.00; 0.000; 3.54; 3.45; 3.45; 0.00; 0.00; 0.00; 0.00; 0.00; 3.46; 0.00; 60.00; 1.00; 0.00; 0.000; 291.01; 0.00; 1.820; 0.00; 65535.00; 40.00; 5.00; 0.00; 255.00; 255.00; 250.00; 0.00; 0.00; 1.00; 0.00; 813622.87; 155635.75; 145209524224.00; 1.00; 0.00; 0.00; 1.00; 0.00; 0.00; 1.00; 0.00; 0.00; 0.00; 0.00; 0.00; 1.00; 0.00; 0.00; 0.00; 0.96; 0.00; 0.00; 0.00; 3.55; 0.00; 333.33; 3.33; 1.00; 1.00; 5.00 
2023-11-27 14:27:24:670;3.56; 0.00; 0.000; 3.54; 3.45; 3.44; 0.00; 0.00; 0.00; 0.00; 0.00; 3.45; 0.00; 60.00; 1.00; 0.00; 0.000; 291.01; 0.00; 1.820; 0.00; 65535.00; 40.00; 5.00; 0.00; 255.00; 255.00; 250.00; 0.00; 0.00; 1.00; 0.00; 813622.87; 155635.75; 145209524224.00; 1.00; 0.00; 0.00; 1.00; 0.00; 0.00; 1.00; 0.00; 0.00; 0.00; 0.00; 0.00; 1.00; 0.00; 0.00; 0.00; 0.96; 0.00; 0.00; 0.00; 3.55; 0.00; 333.33; 3.33; 1.00; 1.00; 5.00 
2023-11-27 14:27:24:790;3.55; 0.00; 0.000; 3.56; 3.47; 3.47; 0.00; 0.00; 0.00; 0.00; 0.00; 3.48; 0.00; 60.00; 1.00; 0.00; 0.000; 291.01; 0.00; 1.820; 0.00; 65535.00; 40.00; 5.00; 0.00; 255.00; 255.00; 250.00; 0.00; 0.00; 1.00; 0.00; 813623.31; 155635.75; 145209524224.00; 1.00; 0.00; 0.00; 1.00; 0.00; 0.00; 1.00; 0.00; 0.00; 0.00; 0.00; 0.00; 1.00; 0.00; 0.00; 0.00; 0.96; 0.00; 0.00; 0.00; 3.55; 0.00; 333.33; 3.33; 1.00; 1.00; 5.00 
2023-11-27 14:27:24:910;3.55; 0.00; 0.000; 3.55; 3.46; 3.46; 0.00; 0.00; 0.00; 0.00; 0.00; 3.46; 0.00; 60.00; 1.00; 0.00; 0.000; 291.01; 0.00; 1.820; 0.00; 65535.00; 40.00; 5.00; 0.00; 255.00; 255.00; 250.00; 0.00; 0.00; 1.00; 0.00; 813623.31; 155635.75; 145209524224.00; 1.00; 0.00; 0.00; 1.00; 0.00; 0.00; 1.00; 0.00; 0.00; 0.00; 0.00; 0.00; 1.00; 0.00; 0.00; 0.00; 0.96; 0.00; 0.00; 0.00; 3.55; 0.00; 333.33; 3.33; 1.00; 1.00; 5.00 
2023-11-27 14:27:25:030;3.55; 0.00; 0.000; 3.55; 3.45; 3.45; 0.00; 0.00; 0.00; 0.00; 0.00; 3.45; 0.00; 60.00; 1.00; 0.00; 0.000; 291.01; 0.00; 1.820; 0.00; 65535.00; 40.00; 5.00; 0.00; 255.00; 255.00; 250.00; 0.00; 0.00; 1.00; 0.00; 813623.31; 155635.75; 145209524224.00; 1.00; 0.00; 0.00; 1.00; 0.00; 0.00; 1.00; 0.00; 0.00; 0.00; 0.00; 0.00; 1.00; 0.00; 0.00; 0.00; 0.96; 0.00; 0.00; 0.00; 3.55; 0.00; 333.33; 3.33; 1.00; 1.00; 5.00 
2023-11-27 14:27:25:150;3.55; 0.00; 0.000; 3.55; 3.47; 3.47; 0.00; 0.00; 0.00; 0.00; 0.00; 3.47; 0.00; 60.00; 1.00; 0.00; 0.000; 291.01; 0.00; 1.820; 0.00; 65535.00; 40.00; 5.00; 0.00; 255.00; 255.00; 250.00; 0.00; 0.00; 1.00; 0.00; 813623.31; 155635.75; 145209524224.00; 1.00; 0.00; 0.00; 1.00; 0.00; 0.00; 1.00; 0.00; 0.00; 0.00; 0.00; 0.00; 1.00; 0.00; 0.00; 0.00; 0.96; 0.00; 0.00; 0.00; 3.55; 0.00; 333.33; 3.33; 1.00; 1.00; 5.00 
2023-11-27 14:27:25:270;3.55; 0.00; 0.000; 3.54; 3.45; 3.45; 0.00; 0.00; 0.00; 0.00; 0.00; 3.45; 0.00; 60.00; 1.00; 0.00; 0.000; 291.01; 0.00; 1.820; 0.00; 65535.00; 40.00; 5.00; 0.00; 255.00; 255.00; 250.00; 0.00; 0.00; 1.00; 0.00; 813623.69; 155635.75; 145209524224.00; 1.00; 0.00; 0.00; 1.00; 0.00; 0.00; 1.00; 0.00; 0.00; 0.00; 0.00; 0.00; 1.00; 0.00; 0.00; 0.00; 0.96; 0.00; 0.00; 0.00; 3.56; 0.00; 333.33; 3.33; 1.00; 1.00; 5.00 
2023-11-27 14:27:25:390;3.54; 0.00; 0.000; 3.54; 3.45; 3.46; 0.00; 0.00; 0.00; 0.00; 0.00; 3.47; 0.00; 60.00; 1.00; 0.00; 0.000; 291.01; 0.00; 1.820; 0.00; 65535.00; 40.00; 5.00; 0.00; 255.00; 255.00; 250.00; 0.00; 0.00; 1.00; 0.00; 813623.69; 155635.75; 145209524224.00; 1.00; 0.00; 0.00; 1.00; 0.00; 0.00; 1.00; 0.00; 0.00; 0.00; 0.00; 0.00; 1.00; 0.00; 0.00; 0.00; 0.96; 0.00; 0.00; 0.00; 3.55; 0.00; 333.33; 3.33; 1.00; 1.00; 5.00 
2023-11-27 14:27:25:510;3.53; 0.00; 0.000; 3.54; 3.45; 3.45; 0.00; 0.00; 0.00; 0.00; 0.00; 3.45; 0.00; 60.00; 1.00; 0.00; 0.000; 291.01; 0.00; 1.820; 0.00; 65535.00; 40.00; 5.00; 0.00; 255.00; 255.00; 250.00; 0.00; 0.00; 1.00; 0.00; 813623.69; 155635.75; 145209524224.00; 1.00; 0.00; 0.00; 1.00; 0.00; 0.00; 1.00; 0.00; 0.00; 0.00; 0.00; 0.00; 1.00; 0.00; 0.00; 0.00; 0.96; 0.00; 0.00; 0.00; 3.55; 0.00; 333.33; 3.33; 1.00; 1.00; 5.00 
2023-11-27 14:27:25:630;3.54; 0.00; 0.000; 3.55; 3.46; 3.47; 0.00; 0.00; 0.00; 0.00; 0.00; 3.48; 0.00; 60.00; 1.00; 0.00; 0.000; 291.01; 0.00; 1.820; 0.00; 65535.00; 40.00; 5.00; 0.00; 255.00; 255.00; 250.00; 0.00; 0.00; 1.00; 0.00; 813623.69; 155635.75; 145209524224.00; 1.00; 0.00; 0.00; 1.00; 0.00; 0.00; 1.00; 0.00; 0.00; 0.00; 0.00; 0.00; 1.00; 0.00; 0.00; 0.00; 0.96; 0.00; 0.00; 0.00; 3.55; 0.00; 333.33; 3.33; 1.00; 1.00; 5.00 
2023-11-27 14:27:25:750;3.54; 0.00; 0.000; 3.55; 3.46; 3.46; 0.00; 0.00; 0.00; 0.00; 0.00; 3.46; 0.00; 60.00; 1.00; 0.00; 0.000; 291.01; 0.00; 1.820; 0.00; 65535.00; 40.00; 5.00; 0.00; 255.00; 255.00; 250.00; 0.00; 0.00; 1.00; 0.00; 813624.19; 155635.75; 145209524224.00; 1.00; 0.00; 0.00; 1.00; 0.00; 0.00; 1.00; 0.00; 0.00; 0.00; 0.00; 0.00; 1.00; 0.00; 0.00; 0.00; 0.96; 0.00; 0.00; 0.00; 3.55; 0.00; 333.33; 3.33; 1.00; 1.00; 5.00 
2023-11-27 14:27:25:870;3.54; 0.00; 0.000; 3.55; 3.46; 3.46; 0.00; 0.00; 0.00; 0.00; 0.00; 3.47; 0.00; 60.00; 1.00; 0.00; 0.000; 291.01; 0.00; 1.820; 0.00; 65535.00; 40.00; 5.00; 0.00; 255.00; 255.00; 250.00; 0.00; 0.00; 1.00; 0.00; 813624.19; 155635.75; 145209524224.00; 1.00; 0.00; 0.00; 1.00; 0.00; 0.00; 1.00; 0.00; 0.00; 0.00; 0.00; 0.00; 1.00; 0.00; 0.00; 0.00; 0.96; 0.00; 0.00; 0.00; 3.55; 0.00; 333.33; 3.33; 1.00; 1.00; 5.00 
2023-11-27 14:27:25:990;3.54; 0.00; 0.000; 3.54; 3.44; 3.45; 0.00; 0.00; 0.00; 0.00; 0.00; 3.45; 0.00; 60.00; 1.00; 0.00; 0.000; 291.01; 0.00; 1.820; 0.00; 65535.00; 40.00; 5.00; 0.00; 255.00; 255.00; 250.00; 0.00; 0.00; 1.00; 0.00; 813624.19; 155635.75; 145209524224.00; 1.00; 0.00; 0.00; 1.00; 0.00; 0.00; 1.00; 0.00; 0.00; 0.00; 0.00; 0.00; 1.00; 0.00; 0.00; 0.00; 0.96; 0.00; 0.00; 0.00; 3.56; 0.00; 333.33; 3.33; 1.00; 1.00; 5.00 
2023-11-27 14:27:26:110;3.55; 0.00; 0.000; 3.55; 3.47; 3.47; 0.00; 0.00; 0.00; 0.00; 0.00; 3.48; 0.00; 60.00; 1.00; 0.00; 0.000; 291.01; 0.00; 1.820; 0.00; 65535.00; 40.00; 5.00; 0.00; 255.00; 255.00; 250.00; 0.00; 0.00; 1.00; 0.00; 813624.19; 155635.75; 145209524224.00; 1.00; 0.00; 0.00; 1.00; 0.00; 0.00; 1.00; 0.00; 0.00; 0.00; 0.00; 0.00; 1.00; 0.00; 0.00; 0.00; 0.96; 0.00; 0.00; 0.00; 3.55; 0.00; 333.33; 3.33; 1.00; 1.00; 5.00 
2023-11-27 14:27:26:230;3.53; 0.00; 0.000; 3.55; 3.45; 3.46; 0.00; 0.00; 0.00; 0.00; 0.00; 3.46; 0.00; 60.00; 1.00; 0.00; 0.000; 291.01; 0.00; 1.820; 0.00; 65535.00; 40.00; 5.00; 0.00; 255.00; 255.00; 250.00; 0.00; 0.00; 1.00; 0.00; 813624.19; 155635.75; 145209524224.00; 1.00; 0.00; 0.00; 1.00; 0.00; 0.00; 1.00; 0.00; 0.00; 0.00; 0.00; 0.00; 1.00; 0.00; 0.00; 0.00; 0.96; 0.00; 0.00; 0.00; 3.56; 0.00; 333.33; 3.33; 1.00; 1.00; 5.00 
2023-11-27 14:27:26:350;3.52; 0.00; 0.000; 3.55; 3.45; 3.45; 0.00; 0.00; 0.00; 0.00; 0.00; 3.45; 0.00; 60.00; 1.00; 0.00; 0.000; 291.01; 0.00; 1.820; 0.00; 65535.00; 40.00; 5.00; 0.00; 255.00; 255.00; 250.00; 0.00; 0.00; 1.00; 0.00; 813624.62; 155635.75; 145209524224.00; 1.00; 0.00; 0.00; 1.00; 0.00; 0.00; 1.00; 0.00; 0.00; 0.00; 0.00; 0.00; 1.00; 0.00; 0.00; 0.00; 0.96; 0.00; 0.00; 0.00; 3.55; 0.00; 333.33; 2.92; 1.00; 1.00; 5.00 
2023-11-27 14:27:26:470;3.51; 0.00; 0.000; 3.55; 3.48; 3.47; 0.00; 0.00; 0.00; 0.00; 0.00; 3.48; 0.00; 60.00; 1.00; 0.00; 0.000; 291.01; 0.00; 1.820; 0.00; 65535.00; 40.00; 5.00; 0.00; 255.00; 255.00; 250.00; 0.00; 0.00; 1.00; 0.00; 813624.62; 155635.75; 145209524224.00; 1.00; 0.00; 0.00; 1.00; 0.00; 0.00; 1.00; 0.00; 0.00; 0.00; 0.00; 0.00; 1.00; 0.00; 0.00; 0.00; 0.96; 0.00; 0.00; 0.00; 3.55; 0.00; 333.33; 3.33; 1.00; 1.00; 5.00 
2023-11-27 14:27:26:590;3.50; 0.00; 0.000; 3.54; 3.43; 3.44; 0.00; 0.00; 0.00; 0.00; 0.00; 3.44; 0.00; 60.00; 1.00; 0.00; 0.000; 291.01; 0.00; 1.820; 0.00; 65535.00; 40.00; 5.00; 0.00; 255.00; 255.00; 250.00; 0.00; 0.00; 1.00; 0.00; 813624.62; 155635.75; 145209524224.00; 1.00; 0.00; 0.00; 1.00; 0.00; 0.00; 1.00; 0.00; 0.00; 0.00; 0.00; 0.00; 1.00; 0.00; 0.00; 0.00; 0.96; 0.00; 0.00; 0.00; 3.55; 0.00; 333.33; 3.33; 1.00; 1.00; 5.00 
2023-11-27 14:27:26:710;3.49; 0.00; 0.000; 3.55; 3.47; 3.46; 0.00; 0.00; 0.00; 0.00; 0.00; 3.47; 0.00; 60.00; 1.00; 0.00; 0.000; 291.01; 0.00; 1.820; 0.00; 65535.00; 40.00; 5.00; 0.00; 255.00; 255.00; 250.00; 0.00; 0.00; 1.00; 0.00; 813624.62; 155635.75; 145209524224.00; 1.00; 0.00; 0.00; 1.00; 0.00; 0.00; 1.00; 0.00; 0.00; 0.00; 0.00; 0.00; 1.00; 0.00; 0.00; 0.00; 0.96; 0.00; 0.00; 0.00; 3.55; 0.00; 333.33; 3.33; 1.00; 1.00; 5.00 
2023-11-27 14:27:26:830;3.48; 0.00; 0.000; 3.54; 3.44; 3.45; 0.00; 0.00; 0.00; 0.00; 0.00; 3.46; 0.00; 60.00; 1.00; 0.00; 0.000; 291.01; 0.00; 1.820; 0.00; 65535.00; 40.00; 5.00; 0.00; 255.00; 255.00; 250.00; 0.00; 0.00; 1.00; 0.00; 813625.00; 155635.75; 145209524224.00; 1.00; 0.00; 0.00; 1.00; 0.00; 0.00; 1.00; 0.00; 0.00; 0.00; 0.00; 0.00; 1.00; 0.00; 0.00; 0.00; 0.96; 0.00; 0.00; 0.00; 3.55; 0.00; 333.33; 2.92; 1.00; 1.00; 5.00 
2023-11-27 14:27:26:950;3.48; 0.00; 0.000; 3.55; 3.47; 3.47; 0.00; 0.00; 0.00; 0.00; 0.00; 3.47; 0.00; 60.00; 1.00; 0.00; 0.000; 291.01; 0.00; 1.820; 0.00; 65535.00; 40.00; 5.00; 0.00; 255.00; 255.00; 250.00; 0.00; 0.00; 1.00; 0.00; 813625.00; 155635.75; 145209524224.00; 1.00; 0.00; 0.00; 1.00; 0.00; 0.00; 1.00; 0.00; 0.00; 0.00; 0.00; 0.00; 1.00; 0.00; 0.00; 0.00; 0.96; 0.00; 0.00; 0.00; 3.55; 0.00; 333.33; 3.33; 1.00; 1.00; 5.00 
2023-11-27 14:27:27:070;3.48; 0.00; 0.000; 3.55; 3.45; 3.45; 0.00; 0.00; 0.00; 0.00; 0.00; 3.46; 0.00; 60.00; 1.00; 0.00; 0.000; 291.01; 0.00; 1.820; 0.00; 65535.00; 40.00; 5.00; 0.00; 255.00; 255.00; 250.00; 0.00; 0.00; 1.00; 0.00; 813625.00; 155635.75; 145209524224.00; 1.00; 0.00; 0.00; 1.00; 0.00; 0.00; 1.00; 0.00; 0.00; 0.00; 0.00; 0.00; 1.00; 0.00; 0.00; 0.00; 0.96; 0.00; 0.00; 0.00; 3.56; 0.00; 333.33; 3.33; 1.00; 1.00; 5.00 
2023-11-27 14:27:27:190;3.48; 0.00; 0.000; 3.55; 3.46; 3.46; 0.00; 0.00; 0.00; 0.00; 0.00; 3.47; 0.00; 60.00; 1.00; 0.00; 0.000; 291.01; 0.00; 1.820; 0.00; 65535.00; 40.00; 5.00; 0.00; 255.00; 255.00; 250.00; 0.00; 0.00; 1.00; 0.00; 813625.00; 155635.75; 145209524224.00; 1.00; 0.00; 0.00; 1.00; 0.00; 0.00; 1.00; 0.00; 0.00; 0.00; 0.00; 0.00; 1.00; 0.00; 0.00; 0.00; 0.96; 0.00; 0.00; 0.00; 3.55; 0.00; 333.33; 3.33; 1.00; 1.00; 5.00 
2023-11-27 14:27:27:310;3.48; 0.00; 0.000; 3.55; 3.46; 3.46; 0.00; 0.00; 0.00; 0.00; 0.00; 3.47; 0.00; 60.00; 1.00; 0.00; 0.000; 291.01; 0.00; 1.820; 0.00; 65535.00; 40.00; 5.00; 0.00; 255.00; 255.00; 250.00; 0.00; 0.00; 1.00; 0.00; 813625.37; 155635.75; 145209524224.00; 1.00; 0.00; 0.00; 1.00; 0.00; 0.00; 1.00; 0.00; 0.00; 0.00; 0.00; 0.00; 1.00; 0.00; 0.00; 0.00; 0.96; 0.00; 0.00; 0.00; 3.55; 0.00; 333.33; 3.33; 1.00; 1.00; 5.00 
2023-11-27 14:27:27:430;3.48; 0.00; 0.000; 3.55; 3.46; 3.46; 0.00; 0.00; 0.00; 0.00; 0.00; 3.46; 0.00; 60.00; 1.00; 0.00; 0.000; 291.01; 0.00; 1.820; 0.00; 65535.00; 40.00; 5.00; 0.00; 255.00; 255.00; 250.00; 0.00; 0.00; 1.00; 0.00; 813625.37; 155635.75; 145209524224.00; 1.00; 0.00; 0.00; 1.00; 0.00; 0.00; 1.00; 0.00; 0.00; 0.00; 0.00; 0.00; 1.00; 0.00; 0.00; 0.00; 0.96; 0.00; 0.00; 0.00; 3.55; 0.00; 333.33; 3.33; 1.00; 1.00; 5.00 
2023-11-27 14:27:27:550;3.48; 0.00; 0.000; 3.55; 3.47; 3.47; 0.00; 0.00; 0.00; 0.00; 0.00; 3.47; 0.00; 60.00; 1.00; 0.00; 0.000; 291.01; 0.00; 1.820; 0.00; 65535.00; 40.00; 5.00; 0.00; 255.00; 255.00; 250.00; 0.00; 0.00; 1.00; 0.00; 813625.37; 155635.75; 145209524224.00; 1.00; 0.00; 0.00; 1.00; 0.00; 0.00; 1.00; 0.00; 0.00; 0.00; 0.00; 0.00; 1.00; 0.00; 0.00; 0.00; 0.96; 0.00; 0.00; 0.00; 3.56; 0.00; 333.33; 3.33; 1.00; 1.00; 5.00 
2023-11-27 14:27:27:670;3.48; 0.00; 0.000; 3.54; 3.45; 3.46; 0.00; 0.00; 0.00; 0.00; 0.00; 3.46; 0.00; 60.00; 1.00; 0.00; 0.000; 291.01; 0.00; 1.820; 0.00; 65535.00; 40.00; 5.00; 0.00; 255.00; 255.00; 250.00; 0.00; 0.00; 1.00; 0.00; 813625.37; 155635.75; 145209524224.00; 1.00; 0.00; 0.00; 1.00; 0.00; 0.00; 1.00; 0.00; 0.00; 0.00; 0.00; 0.00; 1.00; 0.00; 0.00; 0.00; 0.96; 0.00; 0.00; 0.00; 3.56; 0.00; 333.33; 3.33; 1.00; 1.00; 5.00 
2023-11-27 14:27:27:790;3.48; 0.00; 0.000; 3.55; 3.46; 3.46; 0.00; 0.00; 0.00; 0.00; 0.00; 3.46; 0.00; 60.00; 1.00; 0.00; 0.000; 291.01; 0.00; 1.820; 0.00; 65535.00; 40.00; 5.00; 0.00; 255.00; 255.00; 250.00; 0.00; 0.00; 1.00; 0.00; 813625.81; 155635.75; 145209524224.00; 1.00; 0.00; 0.00; 1.00; 0.00; 0.00; 1.00; 0.00; 0.00; 0.00; 0.00; 0.00; 1.00; 0.00; 0.00; 0.00; 0.96; 0.00; 0.00; 0.00; 3.56; 0.00; 333.33; 3.33; 1.00; 1.00; 5.00 
2023-11-27 14:27:27:910;3.48; 0.00; 0.000; 3.54; 3.45; 3.45; 0.00; 0.00; 0.00; 0.00; 0.00; 3.45; 0.00; 60.00; 1.00; 0.00; 0.000; 291.01; 0.00; 1.820; 0.00; 65535.00; 40.00; 5.00; 0.00; 255.00; 255.00; 250.00; 0.00; 0.00; 1.00; 0.00; 813625.81; 155635.75; 145209524224.00; 1.00; 0.00; 0.00; 1.00; 0.00; 0.00; 1.00; 0.00; 0.00; 0.00; 0.00; 0.00; 1.00; 0.00; 0.00; 0.00; 0.96; 0.00; 0.00; 0.00; 3.56; 0.00; 333.33; 3.33; 1.00; 1.00; 5.00 
2023-11-27 14:27:28:030;3.48; 0.00; 0.000; 3.55; 3.46; 3.47; 0.00; 0.00; 0.00; 0.00; 0.00; 3.47; 0.00; 60.00; 1.00; 0.00; 0.000; 291.01; 0.00; 1.820; 0.00; 65535.00; 40.00; 5.00; 0.00; 255.00; 255.00; 250.00; 0.00; 0.00; 1.00; 0.00; 813625.81; 155635.75; 145209524224.00; 1.00; 0.00; 0.00; 1.00; 0.00; 0.00; 1.00; 0.00; 0.00; 0.00; 0.00; 0.00; 1.00; 0.00; 0.00; 0.00; 0.96; 0.00; 0.00; 0.00; 3.55; 0.00; 333.33; 3.33; 1.00; 1.00; 5.00 
2023-11-27 14:27:28:150;3.49; 0.00; 0.000; 3.55; 3.46; 3.45; 0.00; 0.00; 0.00; 0.00; 0.00; 3.46; 0.00; 60.00; 1.00; 0.00; 0.000; 291.01; 0.00; 1.820; 0.00; 65535.00; 40.00; 5.00; 0.00; 255.00; 255.00; 250.00; 0.00; 0.00; 1.00; 0.00; 813625.81; 155635.75; 145209524224.00; 1.00; 0.00; 0.00; 1.00; 0.00; 0.00; 1.00; 0.00; 0.00; 0.00; 0.00; 0.00; 1.00; 0.00; 0.00; 0.00; 0.96; 0.00; 0.00; 0.00; 3.56; 0.00; 333.33; 3.33; 1.00; 1.00; 5.00 
2023-11-27 14:27:28:270;3.49; 0.00; 0.000; 3.55; 3.46; 3.46; 0.00; 0.00; 0.00; 0.00; 0.00; 3.48; 0.00; 60.00; 1.00; 0.00; 0.000; 291.01; 0.00; 1.820; 0.00; 65535.00; 40.00; 5.00; 0.00; 255.00; 255.00; 250.00; 0.00; 0.00; 1.00; 0.00; 813626.19; 155635.75; 145209524224.00; 1.00; 0.00; 0.00; 1.00; 0.00; 0.00; 1.00; 0.00; 0.00; 0.00; 0.00; 0.00; 1.00; 0.00; 0.00; 0.00; 0.96; 0.00; 0.00; 0.00; 3.55; 0.00; 333.33; 3.33; 1.00; 1.00; 5.00 
2023-11-27 14:27:28:390;3.49; 0.00; 0.000; 3.56; 3.47; 3.47; 0.00; 0.00; 0.00; 0.00; 0.00; 3.48; 0.00; 60.00; 1.00; 0.00; 0.000; 291.01; 0.00; 1.820; 0.00; 65535.00; 40.00; 5.00; 0.00; 255.00; 255.00; 250.00; 0.00; 0.00; 1.00; 0.00; 813626.19; 155635.75; 145209524224.00; 1.00; 0.00; 0.00; 1.00; 0.00; 0.00; 1.00; 0.00; 0.00; 0.00; 0.00; 0.00; 1.00; 0.00; 0.00; 0.00; 0.96; 0.00; 0.00; 0.00; 3.56; 0.00; 333.33; 3.33; 1.00; 1.00; 5.00 
2023-11-27 14:27:28:510;3.49; 0.00; 0.000; 3.54; 3.44; 3.44; 0.00; 0.00; 0.00; 0.00; 0.00; 3.45; 0.00; 60.00; 1.00; 0.00; 0.000; 291.01; 0.00; 1.820; 0.00; 65535.00; 40.00; 5.00; 0.00; 255.00; 255.00; 250.00; 0.00; 0.00; 1.00; 0.00; 813626.19; 155635.75; 145209524224.00; 1.00; 0.00; 0.00; 1.00; 0.00; 0.00; 1.00; 0.00; 0.00; 0.00; 0.00; 0.00; 1.00; 0.00; 0.00; 0.00; 0.96; 0.00; 0.00; 0.00; 3.56; 0.00; 333.33; 3.33; 1.00; 1.00; 5.00 
2023-11-27 14:27:28:630;3.50; 0.00; 0.000; 3.55; 3.46; 3.47; 0.00; 0.00; 0.00; 0.00; 0.00; 3.47; 0.00; 60.00; 1.00; 0.00; 0.000; 291.01; 0.00; 1.820; 0.00; 65535.00; 40.00; 5.00; 0.00; 255.00; 255.00; 250.00; 0.00; 0.00; 1.00; 0.00; 813626.19; 155635.75; 145209524224.00; 1.00; 0.00; 0.00; 1.00; 0.00; 0.00; 1.00; 0.00; 0.00; 0.00; 0.00; 0.00; 1.00; 0.00; 0.00; 0.00; 0.96; 0.00; 0.00; 0.00; 3.56; 0.00; 333.33; 2.92; 1.00; 1.00; 5.00 
2023-11-27 14:27:28:750;3.49; 0.00; 0.000; 3.55; 3.46; 3.45; 0.00; 0.00; 0.00; 0.00; 0.00; 3.46; 0.00; 60.00; 1.00; 0.00; 0.000; 291.01; 0.00; 1.820; 0.00; 65535.00; 40.00; 5.00; 0.00; 255.00; 255.00; 250.00; 0.00; 0.00; 1.00; 0.00; 813626.69; 155635.75; 145209524224.00; 1.00; 0.00; 0.00; 1.00; 0.00; 0.00; 1.00; 0.00; 0.00; 0.00; 0.00; 0.00; 1.00; 0.00; 0.00; 0.00; 0.96; 0.00; 0.00; 0.00; 3.55; 0.00; 333.33; 3.33; 1.00; 1.00; 5.00 
2023-11-27 14:27:28:870;3.49; 0.00; 0.000; 3.55; 3.45; 3.46; 0.00; 0.00; 0.00; 0.00; 0.00; 3.46; 0.00; 60.00; 1.00; 0.00; 0.000; 291.01; 0.00; 1.820; 0.00; 65535.00; 40.00; 5.00; 0.00; 255.00; 255.00; 250.00; 0.00; 0.00; 1.00; 0.00; 813626.69; 155635.75; 145209524224.00; 1.00; 0.00; 0.00; 1.00; 0.00; 0.00; 1.00; 0.00; 0.00; 0.00; 0.00; 0.00; 1.00; 0.00; 0.00; 0.00; 0.96; 0.00; 0.00; 0.00; 3.56; 0.00; 333.33; 3.33; 1.00; 1.00; 5.00 
2023-11-27 14:27:28:990;3.49; 0.00; 0.000; 3.56; 3.47; 3.48; 0.00; 0.00; 0.00; 0.00; 0.00; 3.49; 0.00; 60.00; 1.00; 0.00; 0.000; 291.01; 0.00; 1.820; 0.00; 65535.00; 40.00; 5.00; 0.00; 255.00; 255.00; 250.00; 0.00; 0.00; 1.00; 0.00; 813626.69; 155635.75; 145209524224.00; 1.00; 0.00; 0.00; 1.00; 0.00; 0.00; 1.00; 0.00; 0.00; 0.00; 0.00; 0.00; 1.00; 0.00; 0.00; 0.00; 0.96; 0.00; 0.00; 0.00; 3.55; 0.00; 333.33; 3.33; 1.00; 1.00; 5.00 
2023-11-27 14:27:29:110;3.48; 0.00; 0.000; 3.54; 3.45; 3.44; 0.00; 0.00; 0.00; 0.00; 0.00; 3.44; 0.00; 60.00; 1.00; 0.00; 0.000; 291.01; 0.00; 1.820; 0.00; 65535.00; 40.00; 5.00; 0.00; 255.00; 255.00; 250.00; 0.00; 0.00; 1.00; 0.00; 813626.69; 155635.75; 145209524224.00; 1.00; 0.00; 0.00; 1.00; 0.00; 0.00; 1.00; 0.00; 0.00; 0.00; 0.00; 0.00; 1.00; 0.00; 0.00; 0.00; 0.96; 0.00; 0.00; 0.00; 3.56; 0.00; 333.33; 3.33; 1.00; 1.00; 5.00 
2023-11-27 14:27:29:230;3.47; 0.00; 0.000; 3.55; 3.46; 3.46; 0.00; 0.00; 0.00; 0.00; 0.00; 3.46; 0.00; 60.00; 1.00; 0.00; 0.000; 291.01; 0.00; 1.820; 0.00; 65535.00; 40.00; 5.00; 0.00; 255.00; 255.00; 250.00; 0.00; 0.00; 1.00; 0.00; 813626.69; 155635.75; 145209524224.00; 1.00; 0.00; 0.00; 1.00; 0.00; 0.00; 1.00; 0.00; 0.00; 0.00; 0.00; 0.00; 1.00; 0.00; 0.00; 0.00; 0.96; 0.00; 0.00; 0.00; 3.55; 0.00; 333.33; 3.33; 1.00; 1.00; 5.00 
2023-11-27 14:27:29:350;3.47; 0.00; 0.000; 3.55; 3.46; 3.46; 0.00; 0.00; 0.00; 0.00; 0.00; 3.46; 0.00; 60.00; 1.00; 0.00; 0.000; 291.01; 0.00; 1.820; 0.00; 65535.00; 40.00; 5.00; 0.00; 255.00; 255.00; 250.00; 0.00; 0.00; 1.00; 0.00; 813627.12; 155635.75; 145209524224.00; 1.00; 0.00; 0.00; 1.00; 0.00; 0.00; 1.00; 0.00; 0.00; 0.00; 0.00; 0.00; 1.00; 0.00; 0.00; 0.00; 0.96; 0.00; 0.00; 0.00; 3.56; 0.00; 333.33; 3.33; 1.00; 1.00; 5.00 
2023-11-27 14:27:29:470;3.48; 0.00; 0.000; 3.54; 3.46; 3.45; 0.00; 0.00; 0.00; 0.00; 0.00; 3.46; 0.00; 60.00; 1.00; 0.00; 0.000; 291.01; 0.00; 1.820; 0.00; 65535.00; 40.00; 5.00; 0.00; 255.00; 255.00; 250.00; 0.00; 0.00; 1.00; 0.00; 813627.12; 155635.75; 145209524224.00; 1.00; 0.00; 0.00; 1.00; 0.00; 0.00; 1.00; 0.00; 0.00; 0.00; 0.00; 0.00; 1.00; 0.00; 0.00; 0.00; 0.96; 0.00; 0.00; 0.00; 3.55; 0.00; 333.33; 3.33; 1.00; 1.00; 5.00 
2023-11-27 14:27:29:590;3.49; 0.00; 0.000; 3.55; 3.46; 3.46; 0.00; 0.00; 0.00; 0.00; 0.00; 3.46; 0.00; 60.00; 1.00; 0.00; 0.000; 291.01; 0.00; 1.820; 0.00; 65535.00; 40.00; 5.00; 0.00; 255.00; 255.00; 250.00; 0.00; 0.00; 1.00; 0.00; 813627.12; 155635.75; 145209524224.00; 1.00; 0.00; 0.00; 1.00; 0.00; 0.00; 1.00; 0.00; 0.00; 0.00; 0.00; 0.00; 1.00; 0.00; 0.00; 0.00; 0.96; 0.00; 0.00; 0.00; 3.56; 0.00; 333.33; 3.33; 1.00; 1.00; 5.00 
2023-11-27 14:27:29:710;3.49; 0.00; 0.000; 3.54; 3.46; 3.46; 0.00; 0.00; 0.00; 0.00; 0.00; 3.46; 0.00; 60.00; 1.00; 0.00; 0.000; 291.01; 0.00; 1.820; 0.00; 65535.00; 40.00; 5.00; 0.00; 255.00; 255.00; 250.00; 0.00; 0.00; 1.00; 0.00; 813627.12; 155635.75; 145209524224.00; 1.00; 0.00; 0.00; 1.00; 0.00; 0.00; 1.00; 0.00; 0.00; 0.00; 0.00; 0.00; 1.00; 0.00; 0.00; 0.00; 0.96; 0.00; 0.00; 0.00; 3.55; 0.00; 333.33; 3.33; 1.00; 1.00; 5.00 
2023-11-27 14:27:29:830;3.49; 0.00; 0.000; 3.55; 3.45; 3.46; 0.00; 0.00; 0.00; 0.00; 0.00; 3.46; 0.00; 60.00; 1.00; 0.00; 0.000; 291.01; 0.00; 1.820; 0.00; 65535.00; 40.00; 5.00; 0.00; 255.00; 255.00; 250.00; 0.00; 0.00; 1.00; 0.00; 813627.50; 155635.75; 145209524224.00; 1.00; 0.00; 0.00; 1.00; 0.00; 0.00; 1.00; 0.00; 0.00; 0.00; 0.00; 0.00; 1.00; 0.00; 0.00; 0.00; 0.96; 0.00; 0.00; 0.00; 3.56; 0.00; 333.33; 3.33; 1.00; 1.00; 5.00 
2023-11-27 14:27:29:950;3.48; 0.00; 0.000; 3.55; 3.45; 3.46; 0.00; 0.00; 0.00; 0.00; 0.00; 3.46; 0.00; 60.00; 1.00; 0.00; 0.000; 291.01; 0.00; 1.820; 0.00; 65535.00; 40.00; 5.00; 0.00; 255.00; 255.00; 250.00; 0.00; 0.00; 1.00; 0.00; 813627.50; 155635.75; 145209524224.00; 1.00; 0.00; 0.00; 1.00; 0.00; 0.00; 1.00; 0.00; 0.00; 0.00; 0.00; 0.00; 1.00; 0.00; 0.00; 0.00; 0.96; 0.00; 0.00; 0.00; 3.55; 0.00; 333.33; 3.33; 1.00; 1.00; 5.00 
2023-11-27 14:27:30:070;3.49; 0.00; 0.000; 3.55; 3.46; 3.46; 0.00; 0.00; 0.00; 0.00; 0.00; 3.46; 0.00; 60.00; 1.00; 0.00; 0.000; 291.01; 0.00; 1.820; 0.00; 65535.00; 40.00; 5.00; 0.00; 255.00; 255.00; 250.00; 0.00; 0.00; 1.00; 0.00; 813627.50; 155635.75; 145209524224.00; 1.00; 0.00; 0.00; 1.00; 0.00; 0.00; 1.00; 0.00; 0.00; 0.00; 0.00; 0.00; 1.00; 0.00; 0.00; 0.00; 0.96; 0.00; 0.00; 0.00; 3.56; 0.00; 333.33; 3.33; 1.00; 1.00; 5.00 
2023-11-27 14:27:30:190;3.50; 0.00; 0.000; 3.55; 3.45; 3.45; 0.00; 0.00; 0.00; 0.00; 0.00; 3.46; 0.00; 60.00; 1.00; 0.00; 0.000; 291.01; 0.00; 1.820; 0.00; 65535.00; 40.00; 5.00; 0.00; 255.00; 255.00; 250.00; 0.00; 0.00; 1.00; 0.00; 813627.50; 155635.75; 145209524224.00; 1.00; 0.00; 0.00; 1.00; 0.00; 0.00; 1.00; 0.00; 0.00; 0.00; 0.00; 0.00; 1.00; 0.00; 0.00; 0.00; 0.96; 0.00; 0.00; 0.00; 3.55; 0.00; 333.33; 3.33; 1.00; 1.00; 5.00 
2023-11-27 14:27:30:310;3.51; 0.00; 0.000; 3.55; 3.46; 3.47; 0.00; 0.00; 0.00; 0.00; 0.00; 3.48; 0.00; 60.00; 1.00; 0.00; 0.000; 291.01; 0.00; 1.820; 0.00; 65535.00; 40.00; 5.00; 0.00; 255.00; 255.00; 250.00; 0.00; 0.00; 1.00; 0.00; 813627.87; 155635.75; 145209524224.00; 1.00; 0.00; 0.00; 1.00; 0.00; 0.00; 1.00; 0.00; 0.00; 0.00; 0.00; 0.00; 1.00; 0.00; 0.00; 0.00; 0.96; 0.00; 0.00; 0.00; 3.56; 0.00; 333.33; 3.33; 1.00; 1.00; 5.00 
2023-11-27 14:27:30:430;3.51; 0.00; 0.000; 3.54; 3.45; 3.44; 0.00; 0.00; 0.00; 0.00; 0.00; 3.45; 0.00; 60.00; 1.00; 0.00; 0.000; 291.01; 0.00; 1.820; 0.00; 65535.00; 40.00; 5.00; 0.00; 255.00; 255.00; 250.00; 0.00; 0.00; 1.00; 0.00; 813627.87; 155635.75; 145209524224.00; 1.00; 0.00; 0.00; 1.00; 0.00; 0.00; 1.00; 0.00; 0.00; 0.00; 0.00; 0.00; 1.00; 0.00; 0.00; 0.00; 0.96; 0.00; 0.00; 0.00; 3.55; 0.00; 333.33; 3.33; 1.00; 1.00; 5.00 
2023-11-27 14:27:30:550;3.50; 0.00; 0.000; 3.55; 3.47; 3.48; 0.00; 0.00; 0.00; 0.00; 0.00; 3.48; 0.00; 60.00; 1.00; 0.00; 0.000; 291.01; 0.00; 1.820; 0.00; 65535.00; 40.00; 5.00; 0.00; 255.00; 255.00; 250.00; 0.00; 0.00; 1.00; 0.00; 813627.87; 155635.75; 145209524224.00; 1.00; 0.00; 0.00; 1.00; 0.00; 0.00; 1.00; 0.00; 0.00; 0.00; 0.00; 0.00; 1.00; 0.00; 0.00; 0.00; 0.96; 0.00; 0.00; 0.00; 3.55; 0.00; 333.33; 3.33; 1.00; 1.00; 5.00 
2023-11-27 14:27:30:670;3.50; 0.00; 0.000; 3.55; 3.46; 3.45; 0.00; 0.00; 0.00; 0.00; 0.00; 3.45; 0.00; 60.00; 1.00; 0.00; 0.000; 291.01; 0.00; 1.820; 0.00; 65535.00; 40.00; 5.00; 0.00; 255.00; 255.00; 250.00; 0.00; 0.00; 1.00; 0.00; 813627.87; 155635.75; 145209524224.00; 1.00; 0.00; 0.00; 1.00; 0.00; 0.00; 1.00; 0.00; 0.00; 0.00; 0.00; 0.00; 1.00; 0.00; 0.00; 0.00; 0.96; 0.00; 0.00; 0.00; 3.55; 0.00; 333.33; 2.92; 1.00; 1.00; 5.00 
2023-11-27 14:27:30:790;3.49; 0.00; 0.000; 3.55; 3.46; 3.46; 0.00; 0.00; 0.00; 0.00; 0.00; 3.47; 0.00; 60.00; 1.00; 0.00; 0.000; 291.01; 0.00; 1.820; 0.00; 65535.00; 40.00; 5.00; 0.00; 255.00; 255.00; 250.00; 0.00; 0.00; 1.00; 0.00; 813628.31; 155635.75; 145209524224.00; 1.00; 0.00; 0.00; 1.00; 0.00; 0.00; 1.00; 0.00; 0.00; 0.00; 0.00; 0.00; 1.00; 0.00; 0.00; 0.00; 0.96; 0.00; 0.00; 0.00; 3.55; 0.00; 333.33; 3.33; 1.00; 1.00; 5.00 
2023-11-27 14:27:30:910;3.49; 0.00; 0.000; 3.54; 3.44; 3.44; 0.00; 0.00; 0.00; 0.00; 0.00; 3.45; 0.00; 60.00; 1.00; 0.00; 0.000; 291.01; 0.00; 1.820; 0.00; 65535.00; 40.00; 5.00; 0.00; 255.00; 255.00; 250.00; 0.00; 0.00; 1.00; 0.00; 813628.31; 155635.75; 145209524224.00; 1.00; 0.00; 0.00; 1.00; 0.00; 0.00; 1.00; 0.00; 0.00; 0.00; 0.00; 0.00; 1.00; 0.00; 0.00; 0.00; 0.96; 0.00; 0.00; 0.00; 3.55; 0.00; 333.33; 2.92; 1.00; 1.00; 5.00 
2023-11-27 14:27:31:030;3.50; 0.00; 0.000; 3.55; 3.46; 3.46; 0.00; 0.00; 0.00; 0.00; 0.00; 3.47; 0.00; 60.00; 1.00; 0.00; 0.000; 291.01; 0.00; 1.820; 0.00; 65535.00; 40.00; 5.00; 0.00; 255.00; 255.00; 250.00; 0.00; 0.00; 1.00; 0.00; 813628.31; 155635.75; 145209524224.00; 1.00; 0.00; 0.00; 1.00; 0.00; 0.00; 1.00; 0.00; 0.00; 0.00; 0.00; 0.00; 1.00; 0.00; 0.00; 0.00; 0.96; 0.00; 0.00; 0.00; 3.55; 0.00; 333.33; 3.33; 1.00; 1.00; 5.00 
2023-11-27 14:27:31:150;3.51; 0.00; 0.000; 3.54; 3.44; 3.45; 0.00; 0.00; 0.00; 0.00; 0.00; 3.46; 0.00; 60.00; 1.00; 0.00; 0.000; 291.01; 0.00; 1.820; 0.00; 65535.00; 40.00; 5.00; 0.00; 255.00; 255.00; 250.00; 0.00; 0.00; 1.00; 0.00; 813628.31; 155635.75; 145209524224.00; 1.00; 0.00; 0.00; 1.00; 0.00; 0.00; 1.00; 0.00; 0.00; 0.00; 0.00; 0.00; 1.00; 0.00; 0.00; 0.00; 0.96; 0.00; 0.00; 0.00; 3.55; 0.00; 333.33; 3.33; 1.00; 1.00; 5.00 
2023-11-27 14:27:31:270;3.51; 0.00; 0.000; 3.54; 3.45; 3.45; 0.00; 0.00; 0.00; 0.00; 0.00; 3.46; 0.00; 60.00; 1.00; 0.00; 0.000; 291.01; 0.00; 1.820; 0.00; 65535.00; 40.00; 5.00; 0.00; 255.00; 255.00; 250.00; 0.00; 0.00; 1.00; 0.00; 813628.69; 155635.75; 145209524224.00; 1.00; 0.00; 0.00; 1.00; 0.00; 0.00; 1.00; 0.00; 0.00; 0.00; 0.00; 0.00; 1.00; 0.00; 0.00; 0.00; 0.96; 0.00; 0.00; 0.00; 3.55; 0.00; 333.33; 3.33; 1.00; 1.00; 5.00 
2023-11-27 14:27:31:390;3.50; 0.00; 0.000; 3.55; 3.47; 3.47; 0.00; 0.00; 0.00; 0.00; 0.00; 3.47; 0.00; 60.00; 1.00; 0.00; 0.000; 291.01; 0.00; 1.820; 0.00; 65535.00; 40.00; 5.00; 0.00; 255.00; 255.00; 250.00; 0.00; 0.00; 1.00; 0.00; 813628.69; 155635.75; 145209524224.00; 1.00; 0.00; 0.00; 1.00; 0.00; 0.00; 1.00; 0.00; 0.00; 0.00; 0.00; 0.00; 1.00; 0.00; 0.00; 0.00; 0.96; 0.00; 0.00; 0.00; 3.55; 0.00; 333.33; 3.33; 1.00; 1.00; 5.00 
2023-11-27 14:27:31:510;3.51; 0.00; 0.000; 3.54; 3.44; 3.45; 0.00; 0.00; 0.00; 0.00; 0.00; 3.45; 0.00; 60.00; 1.00; 0.00; 0.000; 291.01; 0.00; 1.820; 0.00; 65535.00; 40.00; 5.00; 0.00; 255.00; 255.00; 250.00; 0.00; 0.00; 1.00; 0.00; 813628.69; 155635.75; 145209524224.00; 1.00; 0.00; 0.00; 1.00; 0.00; 0.00; 1.00; 0.00; 0.00; 0.00; 0.00; 0.00; 1.00; 0.00; 0.00; 0.00; 0.96; 0.00; 0.00; 0.00; 3.55; 0.00; 333.33; 3.33; 1.00; 1.00; 5.00 
2023-11-27 14:27:31:630;3.51; 0.00; 0.000; 3.55; 3.47; 3.47; 0.00; 0.00; 0.00; 0.00; 0.00; 3.47; 0.00; 60.00; 1.00; 0.00; 0.000; 291.01; 0.00; 1.820; 0.00; 65535.00; 40.00; 5.00; 0.00; 255.00; 255.00; 250.00; 0.00; 0.00; 1.00; 0.00; 813628.69; 155635.75; 145209524224.00; 1.00; 0.00; 0.00; 1.00; 0.00; 0.00; 1.00; 0.00; 0.00; 0.00; 0.00; 0.00; 1.00; 0.00; 0.00; 0.00; 0.96; 0.00; 0.00; 0.00; 3.55; 0.00; 333.33; 3.33; 1.00; 1.00; 5.00 
2023-11-27 14:27:31:750;3.51; 0.00; 0.000; 3.55; 3.45; 3.46; 0.00; 0.00; 0.00; 0.00; 0.00; 3.47; 0.00; 60.00; 1.00; 0.00; 0.000; 291.01; 0.00; 1.820; 0.00; 65535.00; 40.00; 5.00; 0.00; 255.00; 255.00; 250.00; 0.00; 0.00; 1.00; 0.00; 813629.19; 155635.75; 145209524224.00; 1.00; 0.00; 0.00; 1.00; 0.00; 0.00; 1.00; 0.00; 0.00; 0.00; 0.00; 0.00; 1.00; 0.00; 0.00; 0.00; 0.96; 0.00; 0.00; 0.00; 3.55; 0.00; 333.33; 3.33; 1.00; 1.00; 5.00 
2023-11-27 14:27:31:870;3.51; 0.00; 0.000; 3.55; 3.45; 3.45; 0.00; 0.00; 0.00; 0.00; 0.00; 3.46; 0.00; 60.00; 1.00; 0.00; 0.000; 291.01; 0.00; 1.820; 0.00; 65535.00; 40.00; 5.00; 0.00; 255.00; 255.00; 250.00; 0.00; 0.00; 1.00; 0.00; 813629.19; 155635.75; 145209524224.00; 1.00; 0.00; 0.00; 1.00; 0.00; 0.00; 1.00; 0.00; 0.00; 0.00; 0.00; 0.00; 1.00; 0.00; 0.00; 0.00; 0.96; 0.00; 0.00; 0.00; 3.55; 0.00; 333.33; 3.33; 1.00; 1.00; 5.00 
2023-11-27 14:27:31:990;3.50; 0.00; 0.000; 3.55; 3.46; 3.46; 0.00; 0.00; 0.00; 0.00; 0.00; 3.47; 0.00; 60.00; 1.00; 0.00; 0.000; 291.01; 0.00; 1.820; 0.00; 65535.00; 40.00; 5.00; 0.00; 255.00; 255.00; 250.00; 0.00; 0.00; 1.00; 0.00; 813629.19; 155635.75; 145209524224.00; 1.00; 0.00; 0.00; 1.00; 0.00; 0.00; 1.00; 0.00; 0.00; 0.00; 0.00; 0.00; 1.00; 0.00; 0.00; 0.00; 0.96; 0.00; 0.00; 0.00; 3.55; 0.00; 333.33; 3.33; 1.00; 1.00; 5.00 
2023-11-27 14:27:32:110;3.50; 0.00; 0.000; 3.55; 3.46; 3.46; 0.00; 0.00; 0.00; 0.00; 0.00; 3.47; 0.00; 60.00; 1.00; 0.00; 0.000; 291.01; 0.00; 1.820; 0.00; 65535.00; 40.00; 5.00; 0.00; 255.00; 255.00; 250.00; 0.00; 0.00; 1.00; 0.00; 813629.19; 155635.75; 145209524224.00; 1.00; 0.00; 0.00; 1.00; 0.00; 0.00; 1.00; 0.00; 0.00; 0.00; 0.00; 0.00; 1.00; 0.00; 0.00; 0.00; 0.96; 0.00; 0.00; 0.00; 3.56; 0.00; 333.33; 3.33; 1.00; 1.00; 5.00 
2023-11-27 14:27:32:230;3.50; 0.00; 0.000; 3.54; 3.44; 3.44; 0.00; 0.00; 0.00; 0.00; 0.00; 3.45; 0.00; 60.00; 1.00; 0.00; 0.000; 291.01; 0.00; 1.820; 0.00; 65535.00; 40.00; 5.00; 0.00; 255.00; 255.00; 250.00; 0.00; 0.00; 1.00; 0.00; 813629.19; 155635.75; 145209524224.00; 1.00; 0.00; 0.00; 1.00; 0.00; 0.00; 1.00; 0.00; 0.00; 0.00; 0.00; 0.00; 1.00; 0.00; 0.00; 0.00; 0.96; 0.00; 0.00; 0.00; 3.55; 0.00; 333.33; 3.33; 1.00; 1.00; 5.00 
2023-11-27 14:27:32:350;3.50; 0.00; 0.000; 3.55; 3.47; 3.47; 0.00; 0.00; 0.00; 0.00; 0.00; 3.48; 0.00; 60.00; 1.00; 0.00; 0.000; 291.01; 0.00; 1.820; 0.00; 65535.00; 40.00; 5.00; 0.00; 255.00; 255.00; 250.00; 0.00; 0.00; 1.00; 0.00; 813629.62; 155635.75; 145209524224.00; 1.00; 0.00; 0.00; 1.00; 0.00; 0.00; 1.00; 0.00; 0.00; 0.00; 0.00; 0.00; 1.00; 0.00; 0.00; 0.00; 0.96; 0.00; 0.00; 0.00; 3.55; 0.00; 333.33; 3.33; 1.00; 1.00; 5.00 
2023-11-27 14:27:32:470;3.50; 0.00; 0.000; 3.54; 3.44; 3.45; 0.00; 0.00; 0.00; 0.00; 0.00; 3.45; 0.00; 60.00; 1.00; 0.00; 0.000; 291.01; 0.00; 1.820; 0.00; 65535.00; 40.00; 5.00; 0.00; 255.00; 255.00; 250.00; 0.00; 0.00; 1.00; 0.00; 813629.62; 155635.75; 145209524224.00; 1.00; 0.00; 0.00; 1.00; 0.00; 0.00; 1.00; 0.00; 0.00; 0.00; 0.00; 0.00; 1.00; 0.00; 0.00; 0.00; 0.96; 0.00; 0.00; 0.00; 3.55; 0.00; 333.33; 3.33; 1.00; 1.00; 5.00 
2023-11-27 14:27:32:590;3.49; 0.00; 0.000; 3.56; 3.47; 3.46; 0.00; 0.00; 0.00; 0.00; 0.00; 3.46; 0.00; 60.00; 1.00; 0.00; 0.000; 291.01; 0.00; 1.820; 0.00; 65535.00; 40.00; 5.00; 0.00; 255.00; 255.00; 250.00; 0.00; 0.00; 1.00; 0.00; 813629.62; 155635.75; 145209524224.00; 1.00; 0.00; 0.00; 1.00; 0.00; 0.00; 1.00; 0.00; 0.00; 0.00; 0.00; 0.00; 1.00; 0.00; 0.00; 0.00; 0.96; 0.00; 0.00; 0.00; 3.55; 0.00; 333.33; 3.33; 1.00; 1.00; 5.00 
2023-11-27 14:27:32:710;3.49; 0.00; 0.000; 3.55; 3.46; 3.47; 0.00; 0.00; 0.00; 0.00; 0.00; 3.47; 0.00; 60.00; 1.00; 0.00; 0.000; 291.01; 0.00; 1.820; 0.00; 65535.00; 40.00; 5.00; 0.00; 255.00; 255.00; 250.00; 0.00; 0.00; 1.00; 0.00; 813629.62; 155635.75; 145209524224.00; 1.00; 0.00; 0.00; 1.00; 0.00; 0.00; 1.00; 0.00; 0.00; 0.00; 0.00; 0.00; 1.00; 0.00; 0.00; 0.00; 0.96; 0.00; 0.00; 0.00; 3.55; 0.00; 333.33; 3.33; 1.00; 1.00; 5.00 
2023-11-27 14:27:32:830;3.48; 0.00; 0.000; 3.55; 3.45; 3.45; 0.00; 0.00; 0.00; 0.00; 0.00; 3.46; 0.00; 60.00; 1.00; 0.00; 0.000; 291.01; 0.00; 1.820; 0.00; 65535.00; 40.00; 5.00; 0.00; 255.00; 255.00; 250.00; 0.00; 0.00; 1.00; 0.00; 813630.00; 155635.75; 145209524224.00; 1.00; 0.00; 0.00; 1.00; 0.00; 0.00; 1.00; 0.00; 0.00; 0.00; 0.00; 0.00; 1.00; 0.00; 0.00; 0.00; 0.96; 0.00; 0.00; 0.00; 3.56; 0.00; 333.33; 3.33; 1.00; 1.00; 5.00 
2023-11-27 14:27:32:950;3.48; 0.00; 0.000; 3.55; 3.47; 3.47; 0.00; 0.00; 0.00; 0.00; 0.00; 3.47; 0.00; 60.00; 1.00; 0.00; 0.000; 291.01; 0.00; 1.820; 0.00; 65535.00; 40.00; 5.00; 0.00; 255.00; 255.00; 250.00; 0.00; 0.00; 1.00; 0.00; 813630.00; 155635.75; 145209524224.00; 1.00; 0.00; 0.00; 1.00; 0.00; 0.00; 1.00; 0.00; 0.00; 0.00; 0.00; 0.00; 1.00; 0.00; 0.00; 0.00; 0.96; 0.00; 0.00; 0.00; 3.56; 0.00; 333.33; 3.33; 1.00; 1.00; 5.00 
2023-11-27 14:27:33:070;3.48; 0.00; 0.000; 3.55; 3.44; 3.45; 0.00; 0.00; 0.00; 0.00; 0.00; 3.45; 0.00; 60.00; 1.00; 0.00; 0.000; 291.01; 0.00; 1.820; 0.00; 65535.00; 40.00; 5.00; 0.00; 255.00; 255.00; 250.00; 0.00; 0.00; 1.00; 0.00; 813630.00; 155635.75; 145209524224.00; 1.00; 0.00; 0.00; 1.00; 0.00; 0.00; 1.00; 0.00; 0.00; 0.00; 0.00; 0.00; 1.00; 0.00; 0.00; 0.00; 0.96; 0.00; 0.00; 0.00; 3.56; 0.00; 333.33; 3.33; 1.00; 1.00; 5.00 
2023-11-27 14:27:33:190;3.49; 0.00; 0.000; 3.56; 3.47; 3.48; 0.00; 0.00; 0.00; 0.00; 0.00; 3.49; 0.00; 60.00; 1.00; 0.00; 0.000; 291.01; 0.00; 1.820; 0.00; 65535.00; 40.00; 5.00; 0.00; 255.00; 255.00; 250.00; 0.00; 0.00; 1.00; 0.00; 813630.00; 155635.75; 145209524224.00; 1.00; 0.00; 0.00; 1.00; 0.00; 0.00; 1.00; 0.00; 0.00; 0.00; 0.00; 0.00; 1.00; 0.00; 0.00; 0.00; 0.96; 0.00; 0.00; 0.00; 3.56; 0.00; 333.33; 3.33; 1.00; 1.00; 5.00 
2023-11-27 14:27:33:310;3.50; 0.00; 0.000; 3.55; 3.45; 3.45; 0.00; 0.00; 0.00; 0.00; 0.00; 3.45; 0.00; 60.00; 1.00; 0.00; 0.000; 291.01; 0.00; 1.820; 0.00; 65535.00; 40.00; 5.00; 0.00; 255.00; 255.00; 250.00; 0.00; 0.00; 1.00; 0.00; 813630.37; 155635.75; 145209524224.00; 1.00; 0.00; 0.00; 1.00; 0.00; 0.00; 1.00; 0.00; 0.00; 0.00; 0.00; 0.00; 1.00; 0.00; 0.00; 0.00; 0.96; 0.00; 0.00; 0.00; 3.56; 0.00; 333.33; 3.33; 1.00; 1.00; 5.00 
2023-11-27 14:27:33:430;3.50; 0.00; 0.000; 3.55; 3.46; 3.47; 0.00; 0.00; 0.00; 0.00; 0.00; 3.48; 0.00; 60.00; 1.00; 0.00; 0.000; 291.01; 0.00; 1.820; 0.00; 65535.00; 40.00; 5.00; 0.00; 255.00; 255.00; 250.00; 0.00; 0.00; 1.00; 0.00; 813630.37; 155635.75; 145209524224.00; 1.00; 0.00; 0.00; 1.00; 0.00; 0.00; 1.00; 0.00; 0.00; 0.00; 0.00; 0.00; 1.00; 0.00; 0.00; 0.00; 0.96; 0.00; 0.00; 0.00; 3.56; 0.00; 333.33; 2.92; 1.00; 1.00; 5.00 
2023-11-27 14:27:33:550;3.50; 0.00; 0.000; 3.55; 3.45; 3.44; 0.00; 0.00; 0.00; 0.00; 0.00; 3.44; 0.00; 60.00; 1.00; 0.00; 0.000; 291.01; 0.00; 1.820; 0.00; 65535.00; 40.00; 5.00; 0.00; 255.00; 255.00; 250.00; 0.00; 0.00; 1.00; 0.00; 813630.37; 155635.75; 145209524224.00; 1.00; 0.00; 0.00; 1.00; 0.00; 0.00; 1.00; 0.00; 0.00; 0.00; 0.00; 0.00; 1.00; 0.00; 0.00; 0.00; 0.96; 0.00; 0.00; 0.00; 3.56; 0.00; 333.33; 3.33; 1.00; 1.00; 5.00 
2023-11-27 14:27:33:670;3.49; 0.00; 0.000; 3.54; 3.45; 3.47; 0.00; 0.00; 0.00; 0.00; 0.00; 3.48; 0.00; 60.00; 1.00; 0.00; 0.000; 291.01; 0.00; 1.820; 0.00; 65535.00; 40.00; 5.00; 0.00; 255.00; 255.00; 250.00; 0.00; 0.00; 1.00; 0.00; 813630.37; 155635.75; 145209524224.00; 1.00; 0.00; 0.00; 1.00; 0.00; 0.00; 1.00; 0.00; 0.00; 0.00; 0.00; 0.00; 1.00; 0.00; 0.00; 0.00; 0.96; 0.00; 0.00; 0.00; 3.56; 0.00; 333.33; 3.33; 1.00; 1.00; 5.00 
2023-11-27 14:27:33:790;3.48; 0.00; 0.000; 3.54; 3.45; 3.45; 0.00; 0.00; 0.00; 0.00; 0.00; 3.46; 0.00; 60.00; 1.00; 0.00; 0.000; 291.01; 0.00; 1.820; 0.00; 65535.00; 40.00; 5.00; 0.00; 255.00; 255.00; 250.00; 0.00; 0.00; 1.00; 0.00; 813630.81; 155635.75; 145209524224.00; 1.00; 0.00; 0.00; 1.00; 0.00; 0.00; 1.00; 0.00; 0.00; 0.00; 0.00; 0.00; 1.00; 0.00; 0.00; 0.00; 0.96; 0.00; 0.00; 0.00; 3.55; 0.00; 333.33; 3.33; 1.00; 1.00; 5.00 
2023-11-27 14:27:33:910;3.47; 0.00; 0.000; 3.55; 3.46; 3.46; 0.00; 0.00; 0.00; 0.00; 0.00; 3.47; 0.00; 60.00; 1.00; 0.00; 0.000; 291.01; 0.00; 1.820; 0.00; 65535.00; 40.00; 5.00; 0.00; 255.00; 255.00; 250.00; 0.00; 0.00; 1.00; 0.00; 813630.81; 155635.75; 145209524224.00; 1.00; 0.00; 0.00; 1.00; 0.00; 0.00; 1.00; 0.00; 0.00; 0.00; 0.00; 0.00; 1.00; 0.00; 0.00; 0.00; 0.96; 0.00; 0.00; 0.00; 3.55; 0.00; 333.33; 3.33; 1.00; 1.00; 5.00 
2023-11-27 14:27:34:030;3.47; 0.00; 0.000; 3.54; 3.45; 3.45; 0.00; 0.00; 0.00; 0.00; 0.00; 3.46; 0.00; 60.00; 1.00; 0.00; 0.000; 291.01; 0.00; 1.820; 0.00; 65535.00; 40.00; 5.00; 0.00; 255.00; 255.00; 250.00; 0.00; 0.00; 1.00; 0.00; 813630.81; 155635.75; 145209524224.00; 1.00; 0.00; 0.00; 1.00; 0.00; 0.00; 1.00; 0.00; 0.00; 0.00; 0.00; 0.00; 1.00; 0.00; 0.00; 0.00; 0.96; 0.00; 0.00; 0.00; 3.55; 0.00; 333.33; 3.33; 1.00; 1.00; 5.00 
2023-11-27 14:27:34:150;3.47; 0.00; 0.000; 3.55; 3.46; 3.46; 0.00; 0.00; 0.00; 0.00; 0.00; 3.47; 0.00; 60.00; 1.00; 0.00; 0.000; 291.01; 0.00; 1.820; 0.00; 65535.00; 40.00; 5.00; 0.00; 255.00; 255.00; 250.00; 0.00; 0.00; 1.00; 0.00; 813630.81; 155635.75; 145209524224.00; 1.00; 0.00; 0.00; 1.00; 0.00; 0.00; 1.00; 0.00; 0.00; 0.00; 0.00; 0.00; 1.00; 0.00; 0.00; 0.00; 0.96; 0.00; 0.00; 0.00; 3.55; 0.00; 333.33; 3.33; 1.00; 1.00; 5.00 
2023-11-27 14:27:34:270;3.47; 0.00; 0.000; 3.54; 3.45; 3.45; 0.00; 0.00; 0.00; 0.00; 0.00; 3.46; 0.00; 60.00; 1.00; 0.00; 0.000; 291.01; 0.00; 1.820; 0.00; 65535.00; 40.00; 5.00; 0.00; 255.00; 255.00; 250.00; 0.00; 0.00; 1.00; 0.00; 813631.19; 155635.75; 145209524224.00; 1.00; 0.00; 0.00; 1.00; 0.00; 0.00; 1.00; 0.00; 0.00; 0.00; 0.00; 0.00; 1.00; 0.00; 0.00; 0.00; 0.96; 0.00; 0.00; 0.00; 3.55; 0.00; 333.33; 3.33; 1.00; 1.00; 5.00 
2023-11-27 14:27:34:390;3.47; 0.00; 0.000; 3.55; 3.46; 3.46; 0.00; 0.00; 0.00; 0.00; 0.00; 3.47; 0.00; 60.00; 1.00; 0.00; 0.000; 291.01; 0.00; 1.820; 0.00; 65535.00; 40.00; 5.00; 0.00; 255.00; 255.00; 250.00; 0.00; 0.00; 1.00; 0.00; 813631.19; 155635.75; 145209524224.00; 1.00; 0.00; 0.00; 1.00; 0.00; 0.00; 1.00; 0.00; 0.00; 0.00; 0.00; 0.00; 1.00; 0.00; 0.00; 0.00; 0.96; 0.00; 0.00; 0.00; 3.55; 0.00; 333.33; 3.33; 1.00; 1.00; 5.00 
2023-11-27 14:27:34:510;3.47; 0.00; 0.000; 3.55; 3.46; 3.45; 0.00; 0.00; 0.00; 0.00; 0.00; 3.46; 0.00; 60.00; 1.00; 0.00; 0.000; 291.01; 0.00; 1.820; 0.00; 65535.00; 40.00; 5.00; 0.00; 255.00; 255.00; 250.00; 0.00; 0.00; 1.00; 0.00; 813631.19; 155635.75; 145209524224.00; 1.00; 0.00; 0.00; 1.00; 0.00; 0.00; 1.00; 0.00; 0.00; 0.00; 0.00; 0.00; 1.00; 0.00; 0.00; 0.00; 0.96; 0.00; 0.00; 0.00; 3.55; 0.00; 333.33; 3.33; 1.00; 1.00; 5.00 
2023-11-27 14:27:34:630;3.47; 0.00; 0.000; 3.56; 3.47; 3.47; 0.00; 0.00; 0.00; 0.00; 0.00; 3.48; 0.00; 60.00; 1.00; 0.00; 0.000; 291.01; 0.00; 1.820; 0.00; 65535.00; 40.00; 5.00; 0.00; 255.00; 255.00; 250.00; 0.00; 0.00; 1.00; 0.00; 813631.19; 155635.75; 145209524224.00; 1.00; 0.00; 0.00; 1.00; 0.00; 0.00; 1.00; 0.00; 0.00; 0.00; 0.00; 0.00; 1.00; 0.00; 0.00; 0.00; 0.96; 0.00; 0.00; 0.00; 3.55; 0.00; 333.33; 3.33; 1.00; 1.00; 5.00 
2023-11-27 14:27:34:750;3.46; 0.00; 0.000; 3.55; 3.46; 3.46; 0.00; 0.00; 0.00; 0.00; 0.00; 3.46; 0.00; 60.00; 1.00; 0.00; 0.000; 291.01; 0.00; 1.820; 0.00; 65535.00; 40.00; 5.00; 0.00; 255.00; 255.00; 250.00; 0.00; 0.00; 1.00; 0.00; 813631.69; 155635.75; 145209524224.00; 1.00; 0.00; 0.00; 1.00; 0.00; 0.00; 1.00; 0.00; 0.00; 0.00; 0.00; 0.00; 1.00; 0.00; 0.00; 0.00; 0.96; 0.00; 0.00; 0.00; 3.56; 0.00; 333.33; 3.33; 1.00; 1.00; 5.00 
2023-11-27 14:27:34:870;3.45; 0.00; 0.000; 3.55; 3.46; 3.46; 0.00; 0.00; 0.00; 0.00; 0.00; 3.46; 0.00; 60.00; 1.00; 0.00; 0.000; 291.01; 0.00; 1.820; 0.00; 65535.00; 40.00; 5.00; 0.00; 255.00; 255.00; 250.00; 0.00; 0.00; 1.00; 0.00; 813631.69; 155635.75; 145209524224.00; 1.00; 0.00; 0.00; 1.00; 0.00; 0.00; 1.00; 0.00; 0.00; 0.00; 0.00; 0.00; 1.00; 0.00; 0.00; 0.00; 0.96; 0.00; 0.00; 0.00; 3.56; 0.00; 333.33; 3.33; 1.00; 1.00; 5.00 
2023-11-27 14:27:34:990;3.43; 0.00; 0.000; 3.54; 3.45; 3.46; 0.00; 0.00; 0.00; 0.00; 0.00; 3.46; 0.00; 60.00; 1.00; 0.00; 0.000; 291.01; 0.00; 1.820; 0.00; 65535.00; 40.00; 5.00; 0.00; 255.00; 255.00; 250.00; 0.00; 0.00; 1.00; 0.00; 813631.69; 155635.75; 145209524224.00; 1.00; 0.00; 0.00; 1.00; 0.00; 0.00; 1.00; 0.00; 0.00; 0.00; 0.00; 0.00; 1.00; 0.00; 0.00; 0.00; 0.96; 0.00; 0.00; 0.00; 3.55; 0.00; 333.33; 3.33; 1.00; 1.00; 5.00 
2023-11-27 14:27:35:110;3.43; 0.00; 0.000; 3.55; 3.45; 3.45; 0.00; 0.00; 0.00; 0.00; 0.00; 3.45; 0.00; 60.00; 1.00; 0.00; 0.000; 291.01; 0.00; 1.820; 0.00; 65535.00; 40.00; 5.00; 0.00; 255.00; 255.00; 250.00; 0.00; 0.00; 1.00; 0.00; 813631.69; 155635.75; 145209524224.00; 1.00; 0.00; 0.00; 1.00; 0.00; 0.00; 1.00; 0.00; 0.00; 0.00; 0.00; 0.00; 1.00; 0.00; 0.00; 0.00; 0.96; 0.00; 0.00; 0.00; 3.55; 0.00; 333.33; 3.33; 1.00; 1.00; 5.00 
2023-11-27 14:27:35:230;3.43; 0.00; 0.000; 3.55; 3.47; 3.46; 0.00; 0.00; 0.00; 0.00; 0.00; 3.47; 0.00; 60.00; 1.00; 0.00; 0.000; 291.01; 0.00; 1.820; 0.00; 65535.00; 40.00; 5.00; 0.00; 255.00; 255.00; 250.00; 0.00; 0.00; 1.00; 0.00; 813631.69; 155635.75; 145209524224.00; 1.00; 0.00; 0.00; 1.00; 0.00; 0.00; 1.00; 0.00; 0.00; 0.00; 0.00; 0.00; 1.00; 0.00; 0.00; 0.00; 0.96; 0.00; 0.00; 0.00; 3.55; 0.00; 333.33; 3.33; 1.00; 1.00; 5.00 
2023-11-27 14:27:35:350;3.43; 0.00; 0.000; 3.54; 3.45; 3.45; 0.00; 0.00; 0.00; 0.00; 0.00; 3.46; 0.00; 60.00; 1.00; 0.00; 0.000; 291.01; 0.00; 1.820; 0.00; 65535.00; 40.00; 5.00; 0.00; 255.00; 255.00; 250.00; 0.00; 0.00; 1.00; 0.00; 813632.12; 155635.75; 145209524224.00; 1.00; 0.00; 0.00; 1.00; 0.00; 0.00; 1.00; 0.00; 0.00; 0.00; 0.00; 0.00; 1.00; 0.00; 0.00; 0.00; 0.96; 0.00; 0.00; 0.00; 3.55; 0.00; 333.33; 3.33; 1.00; 1.00; 5.00 
2023-11-27 14:27:35:470;3.43; 0.00; 0.000; 3.55; 3.46; 3.46; 0.00; 0.00; 0.00; 0.00; 0.00; 3.48; 0.00; 60.00; 1.00; 0.00; 0.000; 291.01; 0.00; 1.820; 0.00; 65535.00; 40.00; 5.00; 0.00; 255.00; 255.00; 250.00; 0.00; 0.00; 1.00; 0.00; 813632.12; 155635.75; 145209524224.00; 1.00; 0.00; 0.00; 1.00; 0.00; 0.00; 1.00; 0.00; 0.00; 0.00; 0.00; 0.00; 1.00; 0.00; 0.00; 0.00; 0.96; 0.00; 0.00; 0.00; 3.55; 0.00; 333.33; 3.33; 1.00; 1.00; 5.00 
2023-11-27 14:27:35:590;3.44; 0.00; 0.000; 3.55; 3.45; 3.45; 0.00; 0.00; 0.00; 0.00; 0.00; 3.46; 0.00; 60.00; 1.00; 0.00; 0.000; 291.01; 0.00; 1.820; 0.00; 65535.00; 40.00; 5.00; 0.00; 255.00; 255.00; 250.00; 0.00; 0.00; 1.00; 0.00; 813632.12; 155635.75; 145209524224.00; 1.00; 0.00; 0.00; 1.00; 0.00; 0.00; 1.00; 0.00; 0.00; 0.00; 0.00; 0.00; 1.00; 0.00; 0.00; 0.00; 0.96; 0.00; 0.00; 0.00; 3.55; 0.00; 333.33; 3.33; 1.00; 1.00; 5.00 
2023-11-27 14:27:35:710;3.44; 0.00; 0.000; 3.56; 3.47; 3.47; 0.00; 0.00; 0.00; 0.00; 0.00; 3.48; 0.00; 60.00; 1.00; 0.00; 0.000; 291.01; 0.00; 1.820; 0.00; 65535.00; 40.00; 5.00; 0.00; 255.00; 255.00; 250.00; 0.00; 0.00; 1.00; 0.00; 813632.12; 155635.75; 145209524224.00; 1.00; 0.00; 0.00; 1.00; 0.00; 0.00; 1.00; 0.00; 0.00; 0.00; 0.00; 0.00; 1.00; 0.00; 0.00; 0.00; 0.96; 0.00; 0.00; 0.00; 3.55; 0.00; 333.33; 2.92; 1.00; 1.00; 5.00 
2023-11-27 14:27:35:830;3.44; 0.00; 0.000; 3.55; 3.45; 3.44; 0.00; 0.00; 0.00; 0.00; 0.00; 3.45; 0.00; 60.00; 1.00; 0.00; 0.000; 291.01; 0.00; 1.820; 0.00; 65535.00; 40.00; 5.00; 0.00; 255.00; 255.00; 250.00; 0.00; 0.00; 1.00; 0.00; 813632.50; 155635.75; 145209524224.00; 1.00; 0.00; 0.00; 1.00; 0.00; 0.00; 1.00; 0.00; 0.00; 0.00; 0.00; 0.00; 1.00; 0.00; 0.00; 0.00; 0.96; 0.00; 0.00; 0.00; 3.56; 0.00; 333.33; 3.33; 1.00; 1.00; 5.00 
2023-11-27 14:27:35:950;3.44; 0.00; 0.000; 3.55; 3.47; 3.47; 0.00; 0.00; 0.00; 0.00; 0.00; 3.47; 0.00; 60.00; 1.00; 0.00; 0.000; 291.01; 0.00; 1.820; 0.00; 65535.00; 40.00; 5.00; 0.00; 255.00; 255.00; 250.00; 0.00; 0.00; 1.00; 0.00; 813632.50; 155635.75; 145209524224.00; 1.00; 0.00; 0.00; 1.00; 0.00; 0.00; 1.00; 0.00; 0.00; 0.00; 0.00; 0.00; 1.00; 0.00; 0.00; 0.00; 0.96; 0.00; 0.00; 0.00; 3.56; 0.00; 333.33; 3.33; 1.00; 1.00; 5.00 
2023-11-27 14:27:36:070;3.45; 0.00; 0.000; 3.54; 3.45; 3.45; 0.00; 0.00; 0.00; 0.00; 0.00; 3.45; 0.00; 60.00; 1.00; 0.00; 0.000; 291.01; 0.00; 1.820; 0.00; 65535.00; 40.00; 5.00; 0.00; 255.00; 255.00; 250.00; 0.00; 0.00; 1.00; 0.00; 813632.50; 155635.75; 145209524224.00; 1.00; 0.00; 0.00; 1.00; 0.00; 0.00; 1.00; 0.00; 0.00; 0.00; 0.00; 0.00; 1.00; 0.00; 0.00; 0.00; 0.96; 0.00; 0.00; 0.00; 3.56; 0.00; 333.33; 3.33; 1.00; 1.00; 5.00 
2023-11-27 14:27:36:190;3.45; 0.00; 0.000; 3.55; 3.45; 3.45; 0.00; 0.00; 0.00; 0.00; 0.00; 3.45; 0.00; 60.00; 1.00; 0.00; 0.000; 291.01; 0.00; 1.820; 0.00; 65535.00; 40.00; 5.00; 0.00; 255.00; 255.00; 250.00; 0.00; 0.00; 1.00; 0.00; 813632.50; 155635.75; 145209524224.00; 1.00; 0.00; 0.00; 1.00; 0.00; 0.00; 1.00; 0.00; 0.00; 0.00; 0.00; 0.00; 1.00; 0.00; 0.00; 0.00; 0.96; 0.00; 0.00; 0.00; 3.55; 0.00; 333.33; 3.33; 1.00; 1.00; 5.00 
2023-11-27 14:27:36:310;3.47; 0.00; 0.000; 3.54; 3.46; 3.46; 0.00; 0.00; 0.00; 0.00; 0.00; 3.46; 0.00; 60.00; 1.00; 0.00; 0.000; 291.01; 0.00; 1.820; 0.00; 65535.00; 40.00; 5.00; 0.00; 255.00; 255.00; 250.00; 0.00; 0.00; 1.00; 0.00; 813632.87; 155635.75; 145209524224.00; 1.00; 0.00; 0.00; 1.00; 0.00; 0.00; 1.00; 0.00; 0.00; 0.00; 0.00; 0.00; 1.00; 0.00; 0.00; 0.00; 0.96; 0.00; 0.00; 0.00; 3.55; 0.00; 333.33; 3.33; 1.00; 1.00; 5.00 
2023-11-27 14:27:36:430;3.48; 0.00; 0.000; 3.55; 3.46; 3.47; 0.00; 0.00; 0.00; 0.00; 0.00; 3.47; 0.00; 60.00; 1.00; 0.00; 0.000; 291.01; 0.00; 1.820; 0.00; 65535.00; 40.00; 5.00; 0.00; 255.00; 255.00; 250.00; 0.00; 0.00; 1.00; 0.00; 813632.87; 155635.75; 145209524224.00; 1.00; 0.00; 0.00; 1.00; 0.00; 0.00; 1.00; 0.00; 0.00; 0.00; 0.00; 0.00; 1.00; 0.00; 0.00; 0.00; 0.96; 0.00; 0.00; 0.00; 3.55; 0.00; 333.33; 3.33; 1.00; 1.00; 5.00 
2023-11-27 14:27:36:550;3.48; 0.00; 0.000; 3.55; 3.45; 3.45; 0.00; 0.00; 0.00; 0.00; 0.00; 3.45; 0.00; 60.00; 1.00; 0.00; 0.000; 291.01; 0.00; 1.820; 0.00; 65535.00; 40.00; 5.00; 0.00; 255.00; 255.00; 250.00; 0.00; 0.00; 1.00; 0.00; 813632.87; 155635.75; 145209524224.00; 1.00; 0.00; 0.00; 1.00; 0.00; 0.00; 1.00; 0.00; 0.00; 0.00; 0.00; 0.00; 1.00; 0.00; 0.00; 0.00; 0.96; 0.00; 0.00; 0.00; 3.55; 0.00; 333.33; 3.33; 1.00; 1.00; 5.00 
2023-11-27 14:27:36:670;3.48; 0.00; 0.000; 3.55; 3.47; 3.46; 0.00; 0.00; 0.00; 0.00; 0.00; 3.47; 0.00; 60.00; 1.00; 0.00; 0.000; 291.01; 0.00; 1.820; 0.00; 65535.00; 40.00; 5.00; 0.00; 255.00; 255.00; 250.00; 0.00; 0.00; 1.00; 0.00; 813632.87; 155635.75; 145209524224.00; 1.00; 0.00; 0.00; 1.00; 0.00; 0.00; 1.00; 0.00; 0.00; 0.00; 0.00; 0.00; 1.00; 0.00; 0.00; 0.00; 0.96; 0.00; 0.00; 0.00; 3.55; 0.00; 333.33; 3.33; 1.00; 1.00; 5.00 
2023-11-27 14:27:36:790;3.49; 0.00; 0.000; 3.55; 3.47; 3.47; 0.00; 0.00; 0.00; 0.00; 0.00; 3.48; 0.00; 60.00; 1.00; 0.00; 0.000; 291.01; 0.00; 1.820; 0.00; 65535.00; 40.00; 5.00; 0.00; 255.00; 255.00; 250.00; 0.00; 0.00; 1.00; 0.00; 813633.31; 155635.75; 145209524224.00; 1.00; 0.00; 0.00; 1.00; 0.00; 0.00; 1.00; 0.00; 0.00; 0.00; 0.00; 0.00; 1.00; 0.00; 0.00; 0.00; 0.96; 0.00; 0.00; 0.00; 3.55; 0.00; 333.33; 3.33; 1.00; 1.00; 5.00 
2023-11-27 14:27:36:910;3.49; 0.00; 0.000; 3.54; 3.45; 3.44; 0.00; 0.00; 0.00; 0.00; 0.00; 3.45; 0.00; 60.00; 1.00; 0.00; 0.000; 291.01; 0.00; 1.820; 0.00; 65535.00; 40.00; 5.00; 0.00; 255.00; 255.00; 250.00; 0.00; 0.00; 1.00; 0.00; 813633.31; 155635.75; 145209524224.00; 1.00; 0.00; 0.00; 1.00; 0.00; 0.00; 1.00; 0.00; 0.00; 0.00; 0.00; 0.00; 1.00; 0.00; 0.00; 0.00; 0.96; 0.00; 0.00; 0.00; 3.55; 0.00; 333.33; 3.33; 1.00; 1.00; 5.00 
2023-11-27 14:27:37:030;3.50; 0.00; 0.000; 3.55; 3.46; 3.46; 0.00; 0.00; 0.00; 0.00; 0.00; 3.46; 0.00; 60.00; 1.00; 0.00; 0.000; 291.01; 0.00; 1.820; 0.00; 65535.00; 40.00; 5.00; 0.00; 255.00; 255.00; 250.00; 0.00; 0.00; 1.00; 0.00; 813633.31; 155635.75; 145209524224.00; 1.00; 0.00; 0.00; 1.00; 0.00; 0.00; 1.00; 0.00; 0.00; 0.00; 0.00; 0.00; 1.00; 0.00; 0.00; 0.00; 0.96; 0.00; 0.00; 0.00; 3.55; 0.00; 333.33; 3.33; 1.00; 1.00; 5.00 
2023-11-27 14:27:37:150;3.49; 0.00; 0.000; 3.54; 3.46; 3.45; 0.00; 0.00; 0.00; 0.00; 0.00; 3.46; 0.00; 60.00; 1.00; 0.00; 0.000; 291.01; 0.00; 1.820; 0.00; 65535.00; 40.00; 5.00; 0.00; 255.00; 255.00; 250.00; 0.00; 0.00; 1.00; 0.00; 813633.31; 155635.75; 145209524224.00; 1.00; 0.00; 0.00; 1.00; 0.00; 0.00; 1.00; 0.00; 0.00; 0.00; 0.00; 0.00; 1.00; 0.00; 0.00; 0.00; 0.96; 0.00; 0.00; 0.00; 3.55; 0.00; 333.33; 3.33; 1.00; 1.00; 5.00 
2023-11-27 14:27:37:270;3.51; 0.00; 0.000; 3.55; 3.45; 3.45; 0.00; 0.00; 0.00; 0.00; 0.00; 3.46; 0.00; 60.00; 1.00; 0.00; 0.000; 291.01; 0.00; 1.820; 0.00; 65535.00; 40.00; 5.00; 0.00; 255.00; 255.00; 250.00; 0.00; 0.00; 1.00; 0.00; 813633.69; 155635.75; 145209524224.00; 1.00; 0.00; 0.00; 1.00; 0.00; 0.00; 1.00; 0.00; 0.00; 0.00; 0.00; 0.00; 1.00; 0.00; 0.00; 0.00; 0.96; 0.00; 0.00; 0.00; 3.55; 0.00; 333.33; 3.33; 1.00; 1.00; 5.00 
2023-11-27 14:27:37:390;3.53; 0.00; 0.000; 3.55; 3.46; 3.47; 0.00; 0.00; 0.00; 0.00; 0.00; 3.47; 0.00; 60.00; 1.00; 0.00; 0.000; 291.01; 0.00; 1.820; 0.00; 65535.00; 40.00; 5.00; 0.00; 255.00; 255.00; 250.00; 0.00; 0.00; 1.00; 0.00; 813633.69; 155635.75; 145209524224.00; 1.00; 0.00; 0.00; 1.00; 0.00; 0.00; 1.00; 0.00; 0.00; 0.00; 0.00; 0.00; 1.00; 0.00; 0.00; 0.00; 0.96; 0.00; 0.00; 0.00; 3.55; 0.00; 333.33; 3.33; 1.00; 1.00; 5.00 
2023-11-27 14:27:37:510;3.54; 0.00; 0.000; 3.55; 3.46; 3.46; 0.00; 0.00; 0.00; 0.00; 0.00; 3.46; 0.00; 60.00; 1.00; 0.00; 0.000; 291.01; 0.00; 1.820; 0.00; 65535.00; 40.00; 5.00; 0.00; 255.00; 255.00; 250.00; 0.00; 0.00; 1.00; 0.00; 813633.69; 155635.75; 145209524224.00; 1.00; 0.00; 0.00; 1.00; 0.00; 0.00; 1.00; 0.00; 0.00; 0.00; 0.00; 0.00; 1.00; 0.00; 0.00; 0.00; 0.96; 0.00; 0.00; 0.00; 3.55; 0.00; 333.33; 3.33; 1.00; 1.00; 5.00 
2023-11-27 14:27:37:630;3.54; 0.00; 0.000; 3.56; 3.47; 3.47; 0.00; 0.00; 0.00; 0.00; 0.00; 3.47; 0.00; 60.00; 1.00; 0.00; 0.000; 291.01; 0.00; 1.820; 0.00; 65535.00; 40.00; 5.00; 0.00; 255.00; 255.00; 250.00; 0.00; 0.00; 1.00; 0.00; 813633.69; 155635.75; 145209524224.00; 1.00; 0.00; 0.00; 1.00; 0.00; 0.00; 1.00; 0.00; 0.00; 0.00; 0.00; 0.00; 1.00; 0.00; 0.00; 0.00; 0.96; 0.00; 0.00; 0.00; 3.55; 0.00; 333.33; 3.33; 1.00; 1.00; 5.00 
2023-11-27 14:27:37:750;3.54; 0.00; 0.000; 3.54; 3.45; 3.45; 0.00; 0.00; 0.00; 0.00; 0.00; 3.45; 0.00; 60.00; 1.00; 0.00; 0.000; 291.01; 0.00; 1.820; 0.00; 65535.00; 40.00; 5.00; 0.00; 255.00; 255.00; 250.00; 0.00; 0.00; 1.00; 0.00; 813634.19; 155635.75; 145209524224.00; 1.00; 0.00; 0.00; 1.00; 0.00; 0.00; 1.00; 0.00; 0.00; 0.00; 0.00; 0.00; 1.00; 0.00; 0.00; 0.00; 0.96; 0.00; 0.00; 0.00; 3.56; 0.00; 333.33; 3.33; 1.00; 1.00; 5.00 
2023-11-27 14:27:37:870;3.54; 0.00; 0.000; 3.55; 3.47; 3.47; 0.00; 0.00; 0.00; 0.00; 0.00; 3.48; 0.00; 60.00; 1.00; 0.00; 0.000; 291.01; 0.00; 1.820; 0.00; 65535.00; 40.00; 5.00; 0.00; 255.00; 255.00; 250.00; 0.00; 0.00; 1.00; 0.00; 813634.19; 155635.75; 145209524224.00; 1.00; 0.00; 0.00; 1.00; 0.00; 0.00; 1.00; 0.00; 0.00; 0.00; 0.00; 0.00; 1.00; 0.00; 0.00; 0.00; 0.96; 0.00; 0.00; 0.00; 3.55; 0.00; 333.33; 3.33; 1.00; 1.00; 5.00 
2023-11-27 14:27:37:990;3.54; 0.00; 0.000; 3.55; 3.44; 3.45; 0.00; 0.00; 0.00; 0.00; 0.00; 3.45; 0.00; 60.00; 1.00; 0.00; 0.000; 291.01; 0.00; 1.820; 0.00; 65535.00; 40.00; 5.00; 0.00; 255.00; 255.00; 250.00; 0.00; 0.00; 1.00; 0.00; 813634.19; 155635.75; 145209524224.00; 1.00; 0.00; 0.00; 1.00; 0.00; 0.00; 1.00; 0.00; 0.00; 0.00; 0.00; 0.00; 1.00; 0.00; 0.00; 0.00; 0.96; 0.00; 0.00; 0.00; 3.56; 0.00; 333.33; 2.92; 1.00; 1.00; 5.00 
2023-11-27 14:27:38:110;3.53; 0.00; 0.000; 3.55; 3.45; 3.46; 0.00; 0.00; 0.00; 0.00; 0.00; 3.46; 0.00; 60.00; 1.00; 0.00; 0.000; 291.01; 0.00; 1.820; 0.00; 65535.00; 40.00; 5.00; 0.00; 255.00; 255.00; 250.00; 0.00; 0.00; 1.00; 0.00; 813634.19; 155635.75; 145209524224.00; 1.00; 0.00; 0.00; 1.00; 0.00; 0.00; 1.00; 0.00; 0.00; 0.00; 0.00; 0.00; 1.00; 0.00; 0.00; 0.00; 0.96; 0.00; 0.00; 0.00; 3.55; 0.00; 333.33; 3.33; 1.00; 1.00; 5.00 
2023-11-27 14:27:38:230;3.53; 0.00; 0.000; 3.55; 3.46; 3.47; 0.00; 0.00; 0.00; 0.00; 0.00; 3.47; 0.00; 60.00; 1.00; 0.00; 0.000; 291.01; 0.00; 1.820; 0.00; 65535.00; 40.00; 5.00; 0.00; 255.00; 255.00; 250.00; 0.00; 0.00; 1.00; 0.00; 813634.19; 155635.75; 145209524224.00; 1.00; 0.00; 0.00; 1.00; 0.00; 0.00; 1.00; 0.00; 0.00; 0.00; 0.00; 0.00; 1.00; 0.00; 0.00; 0.00; 0.96; 0.00; 0.00; 0.00; 3.56; 0.00; 333.33; 2.92; 1.00; 1.00; 5.00 
2023-11-27 14:27:38:350;3.53; 0.00; 0.000; 3.54; 3.45; 3.45; 0.00; 0.00; 0.00; 0.00; 0.00; 3.45; 0.00; 60.00; 1.00; 0.00; 0.000; 291.01; 0.00; 1.820; 0.00; 65535.00; 40.00; 5.00; 0.00; 255.00; 255.00; 250.00; 0.00; 0.00; 1.00; 0.00; 813634.62; 155635.75; 145209524224.00; 1.00; 0.00; 0.00; 1.00; 0.00; 0.00; 1.00; 0.00; 0.00; 0.00; 0.00; 0.00; 1.00; 0.00; 0.00; 0.00; 0.96; 0.00; 0.00; 0.00; 3.55; 0.00; 333.33; 3.33; 1.00; 1.00; 5.00 
2023-11-27 14:27:38:470;3.53; 0.00; 0.000; 3.56; 3.47; 3.46; 0.00; 0.00; 0.00; 0.00; 0.00; 3.47; 0.00; 60.00; 1.00; 0.00; 0.000; 291.01; 0.00; 1.820; 0.00; 65535.00; 40.00; 5.00; 0.00; 255.00; 255.00; 250.00; 0.00; 0.00; 1.00; 0.00; 813634.62; 155635.75; 145209524224.00; 1.00; 0.00; 0.00; 1.00; 0.00; 0.00; 1.00; 0.00; 0.00; 0.00; 0.00; 0.00; 1.00; 0.00; 0.00; 0.00; 0.96; 0.00; 0.00; 0.00; 3.55; 0.00; 333.33; 3.33; 1.00; 1.00; 5.00 
2023-11-27 14:27:38:590;3.54; 0.00; 0.000; 3.55; 3.46; 3.47; 0.00; 0.00; 0.00; 0.00; 0.00; 3.47; 0.00; 60.00; 1.00; 0.00; 0.000; 291.01; 0.00; 1.820; 0.00; 65535.00; 40.00; 5.00; 0.00; 255.00; 255.00; 250.00; 0.00; 0.00; 1.00; 0.00; 813634.62; 155635.75; 145209524224.00; 1.00; 0.00; 0.00; 1.00; 0.00; 0.00; 1.00; 0.00; 0.00; 0.00; 0.00; 0.00; 1.00; 0.00; 0.00; 0.00; 0.96; 0.00; 0.00; 0.00; 3.56; 0.00; 333.33; 3.33; 1.00; 1.00; 5.00 
2023-11-27 14:27:38:710;3.54; 0.00; 0.000; 3.54; 3.44; 3.44; 0.00; 0.00; 0.00; 0.00; 0.00; 3.44; 0.00; 60.00; 1.00; 0.00; 0.000; 291.01; 0.00; 1.820; 0.00; 65535.00; 40.00; 5.00; 0.00; 255.00; 255.00; 250.00; 0.00; 0.00; 1.00; 0.00; 813634.62; 155635.75; 145209524224.00; 1.00; 0.00; 0.00; 1.00; 0.00; 0.00; 1.00; 0.00; 0.00; 0.00; 0.00; 0.00; 1.00; 0.00; 0.00; 0.00; 0.96; 0.00; 0.00; 0.00; 3.56; 0.00; 333.33; 3.33; 1.00; 1.00; 5.00 
2023-11-27 14:27:38:830;3.53; 0.00; 0.000; 3.55; 3.46; 3.46; 0.00; 0.00; 0.00; 0.00; 0.00; 3.47; 0.00; 60.00; 1.00; 0.00; 0.000; 291.01; 0.00; 1.820; 0.00; 65535.00; 40.00; 5.00; 0.00; 255.00; 255.00; 250.00; 0.00; 0.00; 1.00; 0.00; 813635.00; 155635.75; 145209524224.00; 1.00; 0.00; 0.00; 1.00; 0.00; 0.00; 1.00; 0.00; 0.00; 0.00; 0.00; 0.00; 1.00; 0.00; 0.00; 0.00; 0.96; 0.00; 0.00; 0.00; 3.55; 0.00; 333.33; 3.33; 1.00; 1.00; 5.00 
2023-11-27 14:27:38:950;3.51; 0.00; 0.000; 3.54; 3.44; 3.45; 0.00; 0.00; 0.00; 0.00; 0.00; 3.45; 0.00; 60.00; 1.00; 0.00; 0.000; 291.01; 0.00; 1.820; 0.00; 65535.00; 40.00; 5.00; 0.00; 255.00; 255.00; 250.00; 0.00; 0.00; 1.00; 0.00; 813635.00; 155635.75; 145209524224.00; 1.00; 0.00; 0.00; 1.00; 0.00; 0.00; 1.00; 0.00; 0.00; 0.00; 0.00; 0.00; 1.00; 0.00; 0.00; 0.00; 0.96; 0.00; 0.00; 0.00; 3.56; 0.00; 333.33; 3.33; 1.00; 1.00; 5.00 
2023-11-27 14:27:39:070;3.51; 0.00; 0.000; 3.55; 3.47; 3.47; 0.00; 0.00; 0.00; 0.00; 0.00; 3.47; 0.00; 60.00; 1.00; 0.00; 0.000; 291.01; 0.00; 1.820; 0.00; 65535.00; 40.00; 5.00; 0.00; 255.00; 255.00; 250.00; 0.00; 0.00; 1.00; 0.00; 813635.00; 155635.75; 145209524224.00; 1.00; 0.00; 0.00; 1.00; 0.00; 0.00; 1.00; 0.00; 0.00; 0.00; 0.00; 0.00; 1.00; 0.00; 0.00; 0.00; 0.96; 0.00; 0.00; 0.00; 3.55; 0.00; 333.33; 3.33; 1.00; 1.00; 5.00 
2023-11-27 14:27:39:190;3.50; 0.00; 0.000; 3.55; 3.45; 3.45; 0.00; 0.00; 0.00; 0.00; 0.00; 3.45; 0.00; 60.00; 1.00; 0.00; 0.000; 291.01; 0.00; 1.820; 0.00; 65535.00; 40.00; 5.00; 0.00; 255.00; 255.00; 250.00; 0.00; 0.00; 1.00; 0.00; 813635.00; 155635.75; 145209524224.00; 1.00; 0.00; 0.00; 1.00; 0.00; 0.00; 1.00; 0.00; 0.00; 0.00; 0.00; 0.00; 1.00; 0.00; 0.00; 0.00; 0.96; 0.00; 0.00; 0.00; 3.55; 0.00; 333.33; 3.33; 1.00; 1.00; 5.00 
2023-11-27 14:27:39:310;3.49; 0.00; 0.000; 3.54; 3.46; 3.46; 0.00; 0.00; 0.00; 0.00; 0.00; 3.47; 0.00; 60.00; 1.00; 0.00; 0.000; 291.01; 0.00; 1.820; 0.00; 65535.00; 40.00; 5.00; 0.00; 255.00; 255.00; 250.00; 0.00; 0.00; 1.00; 0.00; 813635.37; 155635.75; 145209524224.00; 1.00; 0.00; 0.00; 1.00; 0.00; 0.00; 1.00; 0.00; 0.00; 0.00; 0.00; 0.00; 1.00; 0.00; 0.00; 0.00; 0.96; 0.00; 0.00; 0.00; 3.55; 0.00; 333.33; 3.33; 1.00; 1.00; 5.00 
2023-11-27 14:27:39:430;3.49; 0.00; 0.000; 3.55; 3.47; 3.47; 0.00; 0.00; 0.00; 0.00; 0.00; 3.47; 0.00; 60.00; 1.00; 0.00; 0.000; 291.01; 0.00; 1.820; 0.00; 65535.00; 40.00; 5.00; 0.00; 255.00; 255.00; 250.00; 0.00; 0.00; 1.00; 0.00; 813635.37; 155635.75; 145209524224.00; 1.00; 0.00; 0.00; 1.00; 0.00; 0.00; 1.00; 0.00; 0.00; 0.00; 0.00; 0.00; 1.00; 0.00; 0.00; 0.00; 0.96; 0.00; 0.00; 0.00; 3.55; 0.00; 333.33; 3.33; 1.00; 1.00; 5.00 
2023-11-27 14:27:39:550;3.49; 0.00; 0.000; 3.54; 3.44; 3.44; 0.00; 0.00; 0.00; 0.00; 0.00; 3.44; 0.00; 60.00; 1.00; 0.00; 0.000; 291.01; 0.00; 1.820; 0.00; 65535.00; 40.00; 5.00; 0.00; 255.00; 255.00; 250.00; 0.00; 0.00; 1.00; 0.00; 813635.37; 155635.75; 145209524224.00; 1.00; 0.00; 0.00; 1.00; 0.00; 0.00; 1.00; 0.00; 0.00; 0.00; 0.00; 0.00; 1.00; 0.00; 0.00; 0.00; 0.96; 0.00; 0.00; 0.00; 3.55; 0.00; 333.33; 3.33; 1.00; 1.00; 5.00 
2023-11-27 14:27:39:670;3.49; 0.00; 0.000; 3.55; 3.46; 3.47; 0.00; 0.00; 0.00; 0.00; 0.00; 3.48; 0.00; 60.00; 1.00; 0.00; 0.000; 291.01; 0.00; 1.820; 0.00; 65535.00; 40.00; 5.00; 0.00; 255.00; 255.00; 250.00; 0.00; 0.00; 1.00; 0.00; 813635.37; 155635.75; 145209524224.00; 1.00; 0.00; 0.00; 1.00; 0.00; 0.00; 1.00; 0.00; 0.00; 0.00; 0.00; 0.00; 1.00; 0.00; 0.00; 0.00; 0.96; 0.00; 0.00; 0.00; 3.55; 0.00; 333.33; 3.33; 1.00; 1.00; 5.00 
2023-11-27 14:27:39:790;3.50; 0.00; 0.000; 3.54; 3.45; 3.45; 0.00; 0.00; 0.00; 0.00; 0.00; 3.45; 0.00; 60.00; 1.00; 0.00; 0.000; 291.01; 0.00; 1.820; 0.00; 65535.00; 40.00; 5.00; 0.00; 255.00; 255.00; 250.00; 0.00; 0.00; 1.00; 0.00; 813635.81; 155635.75; 145209524224.00; 1.00; 0.00; 0.00; 1.00; 0.00; 0.00; 1.00; 0.00; 0.00; 0.00; 0.00; 0.00; 1.00; 0.00; 0.00; 0.00; 0.96; 0.00; 0.00; 0.00; 3.55; 0.00; 333.33; 3.33; 1.00; 1.00; 5.00 
2023-11-27 14:27:39:910;3.50; 0.00; 0.000; 3.54; 3.45; 3.45; 0.00; 0.00; 0.00; 0.00; 0.00; 3.46; 0.00; 60.00; 1.00; 0.00; 0.000; 291.01; 0.00; 1.820; 0.00; 65535.00; 40.00; 5.00; 0.00; 255.00; 255.00; 250.00; 0.00; 0.00; 1.00; 0.00; 813635.81; 155635.75; 145209524224.00; 1.00; 0.00; 0.00; 1.00; 0.00; 0.00; 1.00; 0.00; 0.00; 0.00; 0.00; 0.00; 1.00; 0.00; 0.00; 0.00; 0.96; 0.00; 0.00; 0.00; 3.55; 0.00; 333.33; 3.33; 1.00; 1.00; 5.00 
2023-11-27 14:27:40:030;3.49; 0.00; 0.000; 3.54; 3.45; 3.45; 0.00; 0.00; 0.00; 0.00; 0.00; 3.45; 0.00; 60.00; 1.00; 0.00; 0.000; 291.01; 0.00; 1.820; 0.00; 65535.00; 40.00; 5.00; 0.00; 255.00; 255.00; 250.00; 0.00; 0.00; 1.00; 0.00; 813635.81; 155635.75; 145209524224.00; 1.00; 0.00; 0.00; 1.00; 0.00; 0.00; 1.00; 0.00; 0.00; 0.00; 0.00; 0.00; 1.00; 0.00; 0.00; 0.00; 0.96; 0.00; 0.00; 0.00; 3.55; 0.00; 333.33; 3.33; 1.00; 1.00; 5.00 
2023-11-27 14:27:40:150;3.49; 0.00; 0.000; 3.55; 3.46; 3.47; 0.00; 0.00; 0.00; 0.00; 0.00; 3.47; 0.00; 60.00; 1.00; 0.00; 0.000; 291.01; 0.00; 1.820; 0.00; 65535.00; 40.00; 5.00; 0.00; 255.00; 255.00; 250.00; 0.00; 0.00; 1.00; 0.00; 813635.81; 155635.75; 145209524224.00; 1.00; 0.00; 0.00; 1.00; 0.00; 0.00; 1.00; 0.00; 0.00; 0.00; 0.00; 0.00; 1.00; 0.00; 0.00; 0.00; 0.96; 0.00; 0.00; 0.00; 3.55; 0.00; 333.33; 3.33; 1.00; 1.00; 5.00 
2023-11-27 14:27:40:270;3.49; 0.00; 0.000; 3.55; 3.46; 3.46; 0.00; 0.00; 0.00; 0.00; 0.00; 3.47; 0.00; 60.00; 1.00; 0.00; 0.000; 291.01; 0.00; 1.820; 0.00; 65535.00; 40.00; 5.00; 0.00; 255.00; 255.00; 250.00; 0.00; 0.00; 1.00; 0.00; 813636.19; 155635.75; 145209524224.00; 1.00; 0.00; 0.00; 1.00; 0.00; 0.00; 1.00; 0.00; 0.00; 0.00; 0.00; 0.00; 1.00; 0.00; 0.00; 0.00; 0.96; 0.00; 0.00; 0.00; 3.55; 0.00; 333.33; 3.33; 1.00; 1.00; 5.00 
2023-11-27 14:27:40:390;3.49; 0.00; 0.000; 3.55; 3.45; 3.45; 0.00; 0.00; 0.00; 0.00; 0.00; 3.46; 0.00; 60.00; 1.00; 0.00; 0.000; 291.01; 0.00; 1.820; 0.00; 65535.00; 40.00; 5.00; 0.00; 255.00; 255.00; 250.00; 0.00; 0.00; 1.00; 0.00; 813636.19; 155635.75; 145209524224.00; 1.00; 0.00; 0.00; 1.00; 0.00; 0.00; 1.00; 0.00; 0.00; 0.00; 0.00; 0.00; 1.00; 0.00; 0.00; 0.00; 0.96; 0.00; 0.00; 0.00; 3.55; 0.00; 333.33; 3.33; 1.00; 1.00; 5.00 
2023-11-27 14:27:40:510;3.50; 0.00; 0.000; 3.55; 3.46; 3.46; 0.00; 0.00; 0.00; 0.00; 0.00; 3.47; 0.00; 60.00; 1.00; 0.00; 0.000; 291.01; 0.00; 1.820; 0.00; 65535.00; 40.00; 5.00; 0.00; 255.00; 255.00; 250.00; 0.00; 0.00; 1.00; 0.00; 813636.19; 155635.75; 145209524224.00; 1.00; 0.00; 0.00; 1.00; 0.00; 0.00; 1.00; 0.00; 0.00; 0.00; 0.00; 0.00; 1.00; 0.00; 0.00; 0.00; 0.96; 0.00; 0.00; 0.00; 3.55; 0.00; 333.33; 2.92; 1.00; 1.00; 5.00 
2023-11-27 14:27:40:630;3.50; 0.00; 0.000; 3.55; 3.46; 3.45; 0.00; 0.00; 0.00; 0.00; 0.00; 3.46; 0.00; 60.00; 1.00; 0.00; 0.000; 291.01; 0.00; 1.820; 0.00; 65535.00; 40.00; 5.00; 0.00; 255.00; 255.00; 250.00; 0.00; 0.00; 1.00; 0.00; 813636.19; 155635.75; 145209524224.00; 1.00; 0.00; 0.00; 1.00; 0.00; 0.00; 1.00; 0.00; 0.00; 0.00; 0.00; 0.00; 1.00; 0.00; 0.00; 0.00; 0.96; 0.00; 0.00; 0.00; 3.55; 0.00; 333.33; 3.33; 1.00; 1.00; 5.00 
2023-11-27 14:27:40:750;3.50; 0.00; 0.000; 3.55; 3.47; 3.47; 0.00; 0.00; 0.00; 0.00; 0.00; 3.47; 0.00; 60.00; 1.00; 0.00; 0.000; 291.01; 0.00; 1.820; 0.00; 65535.00; 40.00; 5.00; 0.00; 255.00; 255.00; 250.00; 0.00; 0.00; 1.00; 0.00; 813636.69; 155635.75; 145209524224.00; 1.00; 0.00; 0.00; 1.00; 0.00; 0.00; 1.00; 0.00; 0.00; 0.00; 0.00; 0.00; 1.00; 0.00; 0.00; 0.00; 0.96; 0.00; 0.00; 0.00; 3.55; 0.00; 333.33; 3.33; 1.00; 1.00; 5.00 
2023-11-27 14:27:40:870;3.49; 0.00; 0.000; 3.54; 3.45; 3.45; 0.00; 0.00; 0.00; 0.00; 0.00; 3.45; 0.00; 60.00; 1.00; 0.00; 0.000; 291.01; 0.00; 1.820; 0.00; 65535.00; 40.00; 5.00; 0.00; 255.00; 255.00; 250.00; 0.00; 0.00; 1.00; 0.00; 813636.69; 155635.75; 145209524224.00; 1.00; 0.00; 0.00; 1.00; 0.00; 0.00; 1.00; 0.00; 0.00; 0.00; 0.00; 0.00; 1.00; 0.00; 0.00; 0.00; 0.96; 0.00; 0.00; 0.00; 3.55; 0.00; 333.33; 3.33; 1.00; 1.00; 5.00 
2023-11-27 14:27:40:990;3.50; 0.00; 0.000; 3.55; 3.46; 3.46; 0.00; 0.00; 0.00; 0.00; 0.00; 3.47; 0.00; 60.00; 1.00; 0.00; 0.000; 291.01; 0.00; 1.820; 0.00; 65535.00; 40.00; 5.00; 0.00; 255.00; 255.00; 250.00; 0.00; 0.00; 1.00; 0.00; 813636.69; 155635.75; 145209524224.00; 1.00; 0.00; 0.00; 1.00; 0.00; 0.00; 1.00; 0.00; 0.00; 0.00; 0.00; 0.00; 1.00; 0.00; 0.00; 0.00; 0.96; 0.00; 0.00; 0.00; 3.55; 0.00; 333.33; 3.33; 1.00; 1.00; 5.00 
2023-11-27 14:27:41:110;3.51; 0.00; 0.000; 3.55; 3.45; 3.46; 0.00; 0.00; 0.00; 0.00; 0.00; 3.47; 0.00; 60.00; 1.00; 0.00; 0.000; 291.01; 0.00; 1.820; 0.00; 65535.00; 40.00; 5.00; 0.00; 255.00; 255.00; 250.00; 0.00; 0.00; 1.00; 0.00; 813636.69; 155635.75; 145209524224.00; 1.00; 0.00; 0.00; 1.00; 0.00; 0.00; 1.00; 0.00; 0.00; 0.00; 0.00; 0.00; 1.00; 0.00; 0.00; 0.00; 0.96; 0.00; 0.00; 0.00; 3.55; 0.00; 333.33; 3.33; 1.00; 1.00; 5.00 
2023-11-27 14:27:41:230;3.52; 0.00; 0.000; 3.54; 3.45; 3.44; 0.00; 0.00; 0.00; 0.00; 0.00; 3.45; 0.00; 60.00; 1.00; 0.00; 0.000; 291.01; 0.00; 1.820; 0.00; 65535.00; 40.00; 5.00; 0.00; 255.00; 255.00; 250.00; 0.00; 0.00; 1.00; 0.00; 813636.69; 155635.75; 145209524224.00; 1.00; 0.00; 0.00; 1.00; 0.00; 0.00; 1.00; 0.00; 0.00; 0.00; 0.00; 0.00; 1.00; 0.00; 0.00; 0.00; 0.96; 0.00; 0.00; 0.00; 3.55; 0.00; 333.33; 3.33; 1.00; 1.00; 5.00 
2023-11-27 14:27:41:350;3.52; 0.00; 0.000; 3.55; 3.46; 3.46; 0.00; 0.00; 0.00; 0.00; 0.00; 3.47; 0.00; 60.00; 1.00; 0.00; 0.000; 291.01; 0.00; 1.820; 0.00; 65535.00; 40.00; 5.00; 0.00; 255.00; 255.00; 250.00; 0.00; 0.00; 1.00; 0.00; 813637.12; 155635.75; 145209524224.00; 1.00; 0.00; 0.00; 1.00; 0.00; 0.00; 1.00; 0.00; 0.00; 0.00; 0.00; 0.00; 1.00; 0.00; 0.00; 0.00; 0.96; 0.00; 0.00; 0.00; 3.55; 0.00; 333.33; 3.33; 1.00; 1.00; 5.00 
2023-11-27 14:27:41:470;3.52; 0.00; 0.000; 3.55; 3.46; 3.45; 0.00; 0.00; 0.00; 0.00; 0.00; 3.46; 0.00; 60.00; 1.00; 0.00; 0.000; 291.01; 0.00; 1.820; 0.00; 65535.00; 40.00; 5.00; 0.00; 255.00; 255.00; 250.00; 0.00; 0.00; 1.00; 0.00; 813637.12; 155635.75; 145209524224.00; 1.00; 0.00; 0.00; 1.00; 0.00; 0.00; 1.00; 0.00; 0.00; 0.00; 0.00; 0.00; 1.00; 0.00; 0.00; 0.00; 0.96; 0.00; 0.00; 0.00; 3.55; 0.00; 333.33; 3.33; 1.00; 1.00; 5.00 
2023-11-27 14:27:41:590;3.51; 0.00; 0.000; 3.55; 3.47; 3.47; 0.00; 0.00; 0.00; 0.00; 0.00; 3.48; 0.00; 60.00; 1.00; 0.00; 0.000; 291.01; 0.00; 1.820; 0.00; 65535.00; 40.00; 5.00; 0.00; 255.00; 255.00; 250.00; 0.00; 0.00; 1.00; 0.00; 813637.12; 155635.75; 145209524224.00; 1.00; 0.00; 0.00; 1.00; 0.00; 0.00; 1.00; 0.00; 0.00; 0.00; 0.00; 0.00; 1.00; 0.00; 0.00; 0.00; 0.96; 0.00; 0.00; 0.00; 3.55; 0.00; 333.33; 3.33; 1.00; 1.00; 5.00 
2023-11-27 14:27:41:710;3.51; 0.00; 0.000; 3.55; 3.45; 3.46; 0.00; 0.00; 0.00; 0.00; 0.00; 3.46; 0.00; 60.00; 1.00; 0.00; 0.000; 291.01; 0.00; 1.820; 0.00; 65535.00; 40.00; 5.00; 0.00; 255.00; 255.00; 250.00; 0.00; 0.00; 1.00; 0.00; 813637.12; 155635.75; 145209524224.00; 1.00; 0.00; 0.00; 1.00; 0.00; 0.00; 1.00; 0.00; 0.00; 0.00; 0.00; 0.00; 1.00; 0.00; 0.00; 0.00; 0.96; 0.00; 0.00; 0.00; 3.56; 0.00; 333.33; 3.33; 1.00; 1.00; 5.00 
2023-11-27 14:27:41:830;3.51; 0.00; 0.000; 3.55; 3.46; 3.47; 0.00; 0.00; 0.00; 0.00; 0.00; 3.48; 0.00; 60.00; 1.00; 0.00; 0.000; 291.01; 0.00; 1.820; 0.00; 65535.00; 40.00; 5.00; 0.00; 255.00; 255.00; 250.00; 0.00; 0.00; 1.00; 0.00; 813637.50; 155635.75; 145209524224.00; 1.00; 0.00; 0.00; 1.00; 0.00; 0.00; 1.00; 0.00; 0.00; 0.00; 0.00; 0.00; 1.00; 0.00; 0.00; 0.00; 0.96; 0.00; 0.00; 0.00; 3.55; 0.00; 333.33; 3.33; 1.00; 1.00; 5.00 
2023-11-27 14:27:41:950;3.51; 0.00; 0.000; 3.54; 3.45; 3.45; 0.00; 0.00; 0.00; 0.00; 0.00; 3.45; 0.00; 60.00; 1.00; 0.00; 0.000; 291.01; 0.00; 1.820; 0.00; 65535.00; 40.00; 5.00; 0.00; 255.00; 255.00; 250.00; 0.00; 0.00; 1.00; 0.00; 813637.50; 155635.75; 145209524224.00; 1.00; 0.00; 0.00; 1.00; 0.00; 0.00; 1.00; 0.00; 0.00; 0.00; 0.00; 0.00; 1.00; 0.00; 0.00; 0.00; 0.96; 0.00; 0.00; 0.00; 3.56; 0.00; 333.33; 3.33; 1.00; 1.00; 5.00 
2023-11-27 14:27:42:070;3.51; 0.00; 0.000; 3.55; 3.46; 3.47; 0.00; 0.00; 0.00; 0.00; 0.00; 3.47; 0.00; 60.00; 1.00; 0.00; 0.000; 291.01; 0.00; 1.820; 0.00; 65535.00; 40.00; 5.00; 0.00; 255.00; 255.00; 250.00; 0.00; 0.00; 1.00; 0.00; 813637.50; 155635.75; 145209524224.00; 1.00; 0.00; 0.00; 1.00; 0.00; 0.00; 1.00; 0.00; 0.00; 0.00; 0.00; 0.00; 1.00; 0.00; 0.00; 0.00; 0.96; 0.00; 0.00; 0.00; 3.55; 0.00; 333.33; 3.33; 1.00; 1.00; 5.00 
2023-11-27 14:27:42:190;3.51; 0.00; 0.000; 3.55; 3.46; 3.45; 0.00; 0.00; 0.00; 0.00; 0.00; 3.46; 0.00; 60.00; 1.00; 0.00; 0.000; 291.01; 0.00; 1.820; 0.00; 65535.00; 40.00; 5.00; 0.00; 255.00; 255.00; 250.00; 0.00; 0.00; 1.00; 0.00; 813637.50; 155635.75; 145209524224.00; 1.00; 0.00; 0.00; 1.00; 0.00; 0.00; 1.00; 0.00; 0.00; 0.00; 0.00; 0.00; 1.00; 0.00; 0.00; 0.00; 0.96; 0.00; 0.00; 0.00; 3.56; 0.00; 333.33; 3.33; 1.00; 1.00; 5.00 
2023-11-27 14:27:42:310;3.51; 0.00; 0.000; 3.54; 3.44; 3.44; 0.00; 0.00; 0.00; 0.00; 0.00; 3.45; 0.00; 60.00; 1.00; 0.00; 0.000; 291.01; 0.00; 1.820; 0.00; 65535.00; 40.00; 5.00; 0.00; 255.00; 255.00; 250.00; 0.00; 0.00; 1.00; 0.00; 813637.87; 155635.75; 145209524224.00; 1.00; 0.00; 0.00; 1.00; 0.00; 0.00; 1.00; 0.00; 0.00; 0.00; 0.00; 0.00; 1.00; 0.00; 0.00; 0.00; 0.96; 0.00; 0.00; 0.00; 3.55; 0.00; 333.33; 3.33; 1.00; 1.00; 5.00 
2023-11-27 14:27:42:430;3.51; 0.00; 0.000; 3.55; 3.47; 3.47; 0.00; 0.00; 0.00; 0.00; 0.00; 3.48; 0.00; 60.00; 1.00; 0.00; 0.000; 291.01; 0.00; 1.820; 0.00; 65535.00; 40.00; 5.00; 0.00; 255.00; 255.00; 250.00; 0.00; 0.00; 1.00; 0.00; 813637.87; 155635.75; 145209524224.00; 1.00; 0.00; 0.00; 1.00; 0.00; 0.00; 1.00; 0.00; 0.00; 0.00; 0.00; 0.00; 1.00; 0.00; 0.00; 0.00; 0.96; 0.00; 0.00; 0.00; 3.55; 0.00; 333.33; 3.33; 1.00; 1.00; 5.00 
2023-11-27 14:27:42:550;3.52; 0.00; 0.000; 3.54; 3.45; 3.45; 0.00; 0.00; 0.00; 0.00; 0.00; 3.46; 0.00; 60.00; 1.00; 0.00; 0.000; 291.01; 0.00; 1.820; 0.00; 65535.00; 40.00; 5.00; 0.00; 255.00; 255.00; 250.00; 0.00; 0.00; 1.00; 0.00; 813637.87; 155635.75; 145209524224.00; 1.00; 0.00; 0.00; 1.00; 0.00; 0.00; 1.00; 0.00; 0.00; 0.00; 0.00; 0.00; 1.00; 0.00; 0.00; 0.00; 0.96; 0.00; 0.00; 0.00; 3.55; 0.00; 333.33; 2.92; 1.00; 1.00; 5.00 
2023-11-27 14:27:42:670;3.52; 0.00; 0.000; 3.55; 3.46; 3.47; 0.00; 0.00; 0.00; 0.00; 0.00; 3.47; 0.00; 60.00; 1.00; 0.00; 0.000; 291.01; 0.00; 1.820; 0.00; 65535.00; 40.00; 5.00; 0.00; 255.00; 255.00; 250.00; 0.00; 0.00; 1.00; 0.00; 813637.87; 155635.75; 145209524224.00; 1.00; 0.00; 0.00; 1.00; 0.00; 0.00; 1.00; 0.00; 0.00; 0.00; 0.00; 0.00; 1.00; 0.00; 0.00; 0.00; 0.96; 0.00; 0.00; 0.00; 3.55; 0.00; 333.33; 3.33; 1.00; 1.00; 5.00 
2023-11-27 14:27:42:790;3.52; 0.00; 0.000; 3.55; 3.47; 3.45; 0.00; 0.00; 0.00; 0.00; 0.00; 3.46; 0.00; 60.00; 1.00; 0.00; 0.000; 291.01; 0.00; 1.820; 0.00; 65535.00; 40.00; 5.00; 0.00; 255.00; 255.00; 250.00; 0.00; 0.00; 1.00; 0.00; 813638.31; 155635.75; 145209524224.00; 1.00; 0.00; 0.00; 1.00; 0.00; 0.00; 1.00; 0.00; 0.00; 0.00; 0.00; 0.00; 1.00; 0.00; 0.00; 0.00; 0.96; 0.00; 0.00; 0.00; 3.56; 0.00; 333.33; 2.92; 1.00; 1.00; 5.00 
2023-11-27 14:27:42:910;3.50; 0.00; 0.000; 3.54; 3.44; 3.44; 0.00; 0.00; 0.00; 0.00; 0.00; 3.44; 0.00; 60.00; 1.00; 0.00; 0.000; 291.01; 0.00; 1.820; 0.00; 65535.00; 40.00; 5.00; 0.00; 255.00; 255.00; 250.00; 0.00; 0.00; 1.00; 0.00; 813638.31; 155635.75; 145209524224.00; 1.00; 0.00; 0.00; 1.00; 0.00; 0.00; 1.00; 0.00; 0.00; 0.00; 0.00; 0.00; 1.00; 0.00; 0.00; 0.00; 0.96; 0.00; 0.00; 0.00; 3.55; 0.00; 333.33; 3.33; 1.00; 1.00; 5.00 
2023-11-27 14:27:43:030;3.50; 0.00; 0.000; 3.54; 3.46; 3.47; 0.00; 0.00; 0.00; 0.00; 0.00; 3.48; 0.00; 60.00; 1.00; 0.00; 0.000; 291.01; 0.00; 1.820; 0.00; 65535.00; 40.00; 5.00; 0.00; 255.00; 255.00; 250.00; 0.00; 0.00; 1.00; 0.00; 813638.31; 155635.75; 145209524224.00; 1.00; 0.00; 0.00; 1.00; 0.00; 0.00; 1.00; 0.00; 0.00; 0.00; 0.00; 0.00; 1.00; 0.00; 0.00; 0.00; 0.96; 0.00; 0.00; 0.00; 3.55; 0.00; 333.33; 2.92; 1.00; 1.00; 5.00 
2023-11-27 14:27:43:150;3.52; 0.00; 0.000; 3.55; 3.45; 3.46; 0.00; 0.00; 0.00; 0.00; 0.00; 3.46; 0.00; 60.00; 1.00; 0.00; 0.000; 291.01; 0.00; 1.820; 0.00; 65535.00; 40.00; 5.00; 0.00; 255.00; 255.00; 250.00; 0.00; 0.00; 1.00; 0.00; 813638.31; 155635.75; 145209524224.00; 1.00; 0.00; 0.00; 1.00; 0.00; 0.00; 1.00; 0.00; 0.00; 0.00; 0.00; 0.00; 1.00; 0.00; 0.00; 0.00; 0.96; 0.00; 0.00; 0.00; 3.55; 0.00; 333.33; 3.33; 1.00; 1.00; 5.00 
2023-11-27 14:27:43:270;3.52; 0.00; 0.000; 3.55; 3.46; 3.46; 0.00; 0.00; 0.00; 0.00; 0.00; 3.46; 0.00; 60.00; 1.00; 0.00; 0.000; 291.01; 0.00; 1.820; 0.00; 65535.00; 40.00; 5.00; 0.00; 255.00; 255.00; 250.00; 0.00; 0.00; 1.00; 0.00; 813638.69; 155635.75; 145209524224.00; 1.00; 0.00; 0.00; 1.00; 0.00; 0.00; 1.00; 0.00; 0.00; 0.00; 0.00; 0.00; 1.00; 0.00; 0.00; 0.00; 0.96; 0.00; 0.00; 0.00; 3.55; 0.00; 333.33; 3.33; 1.00; 1.00; 5.00 
2023-11-27 14:27:43:390;3.52; 0.00; 0.000; 3.55; 3.46; 3.46; 0.00; 0.00; 0.00; 0.00; 0.00; 3.47; 0.00; 60.00; 1.00; 0.00; 0.000; 291.01; 0.00; 1.820; 0.00; 65535.00; 40.00; 5.00; 0.00; 255.00; 255.00; 250.00; 0.00; 0.00; 1.00; 0.00; 813638.69; 155635.75; 145209524224.00; 1.00; 0.00; 0.00; 1.00; 0.00; 0.00; 1.00; 0.00; 0.00; 0.00; 0.00; 0.00; 1.00; 0.00; 0.00; 0.00; 0.96; 0.00; 0.00; 0.00; 3.55; 0.00; 333.33; 3.33; 1.00; 1.00; 5.00 
2023-11-27 14:27:43:510;3.52; 0.00; 0.000; 3.55; 3.45; 3.45; 0.00; 0.00; 0.00; 0.00; 0.00; 3.46; 0.00; 60.00; 1.00; 0.00; 0.000; 291.01; 0.00; 1.820; 0.00; 65535.00; 40.00; 5.00; 0.00; 255.00; 255.00; 250.00; 0.00; 0.00; 1.00; 0.00; 813638.69; 155635.75; 145209524224.00; 1.00; 0.00; 0.00; 1.00; 0.00; 0.00; 1.00; 0.00; 0.00; 0.00; 0.00; 0.00; 1.00; 0.00; 0.00; 0.00; 0.96; 0.00; 0.00; 0.00; 3.55; 0.00; 333.33; 3.33; 1.00; 1.00; 5.00 
2023-11-27 14:27:43:630;3.52; 0.00; 0.000; 3.55; 3.46; 3.45; 0.00; 0.00; 0.00; 0.00; 0.00; 3.46; 0.00; 60.00; 1.00; 0.00; 0.000; 291.01; 0.00; 1.820; 0.00; 65535.00; 40.00; 5.00; 0.00; 255.00; 255.00; 250.00; 0.00; 0.00; 1.00; 0.00; 813638.69; 155635.75; 145209524224.00; 1.00; 0.00; 0.00; 1.00; 0.00; 0.00; 1.00; 0.00; 0.00; 0.00; 0.00; 0.00; 1.00; 0.00; 0.00; 0.00; 0.96; 0.00; 0.00; 0.00; 3.55; 0.00; 333.33; 3.33; 1.00; 1.00; 5.00 
2023-11-27 14:27:43:750;3.53; 0.00; 0.000; 3.56; 3.47; 3.47; 0.00; 0.00; 0.00; 0.00; 0.00; 3.48; 0.00; 60.00; 1.00; 0.00; 0.000; 291.01; 0.00; 1.820; 0.00; 65535.00; 40.00; 5.00; 0.00; 255.00; 255.00; 250.00; 0.00; 0.00; 1.00; 0.00; 813639.19; 155635.75; 145209524224.00; 1.00; 0.00; 0.00; 1.00; 0.00; 0.00; 1.00; 0.00; 0.00; 0.00; 0.00; 0.00; 1.00; 0.00; 0.00; 0.00; 0.96; 0.00; 0.00; 0.00; 3.55; 0.00; 333.33; 3.33; 1.00; 1.00; 5.00 
2023-11-27 14:27:43:870;3.53; 0.00; 0.000; 3.54; 3.45; 3.44; 0.00; 0.00; 0.00; 0.00; 0.00; 3.45; 0.00; 60.00; 1.00; 0.00; 0.000; 291.01; 0.00; 1.820; 0.00; 65535.00; 40.00; 5.00; 0.00; 255.00; 255.00; 250.00; 0.00; 0.00; 1.00; 0.00; 813639.19; 155635.75; 145209524224.00; 1.00; 0.00; 0.00; 1.00; 0.00; 0.00; 1.00; 0.00; 0.00; 0.00; 0.00; 0.00; 1.00; 0.00; 0.00; 0.00; 0.96; 0.00; 0.00; 0.00; 3.56; 0.00; 333.33; 3.33; 1.00; 1.00; 5.00 
2023-11-27 14:27:43:990;3.53; 0.00; 0.000; 3.55; 3.47; 3.47; 0.00; 0.00; 0.00; 0.00; 0.00; 3.47; 0.00; 60.00; 1.00; 0.00; 0.000; 291.01; 0.00; 1.820; 0.00; 65535.00; 40.00; 5.00; 0.00; 255.00; 255.00; 250.00; 0.00; 0.00; 1.00; 0.00; 813639.19; 155635.75; 145209524224.00; 1.00; 0.00; 0.00; 1.00; 0.00; 0.00; 1.00; 0.00; 0.00; 0.00; 0.00; 0.00; 1.00; 0.00; 0.00; 0.00; 0.96; 0.00; 0.00; 0.00; 3.55; 0.00; 333.33; 3.33; 1.00; 1.00; 5.00 
2023-11-27 14:27:44:110;3.53; 0.00; 0.000; 3.55; 3.45; 3.46; 0.00; 0.00; 0.00; 0.00; 0.00; 3.46; 0.00; 60.00; 1.00; 0.00; 0.000; 291.01; 0.00; 1.820; 0.00; 65535.00; 40.00; 5.00; 0.00; 255.00; 255.00; 250.00; 0.00; 0.00; 1.00; 0.00; 813639.19; 155635.75; 145209524224.00; 1.00; 0.00; 0.00; 1.00; 0.00; 0.00; 1.00; 0.00; 0.00; 0.00; 0.00; 0.00; 1.00; 0.00; 0.00; 0.00; 0.96; 0.00; 0.00; 0.00; 3.56; 0.00; 333.33; 3.33; 1.00; 1.00; 5.00 
2023-11-27 14:27:44:230;3.52; 0.00; 0.000; 3.55; 3.46; 3.46; 0.00; 0.00; 0.00; 0.00; 0.00; 3.46; 0.00; 60.00; 1.00; 0.00; 0.000; 291.01; 0.00; 1.820; 0.00; 65535.00; 40.00; 5.00; 0.00; 255.00; 255.00; 250.00; 0.00; 0.00; 1.00; 0.00; 813639.19; 155635.75; 145209524224.00; 1.00; 0.00; 0.00; 1.00; 0.00; 0.00; 1.00; 0.00; 0.00; 0.00; 0.00; 0.00; 1.00; 0.00; 0.00; 0.00; 0.96; 0.00; 0.00; 0.00; 3.55; 0.00; 333.33; 3.33; 1.00; 1.00; 5.00 
2023-11-27 14:27:44:350;3.52; 0.00; 0.000; 3.55; 3.46; 3.47; 0.00; 0.00; 0.00; 0.00; 0.00; 3.47; 0.00; 60.00; 1.00; 0.00; 0.000; 291.01; 0.00; 1.820; 0.00; 65535.00; 40.00; 5.00; 0.00; 255.00; 255.00; 250.00; 0.00; 0.00; 1.00; 0.00; 813639.62; 155635.75; 145209524224.00; 1.00; 0.00; 0.00; 1.00; 0.00; 0.00; 1.00; 0.00; 0.00; 0.00; 0.00; 0.00; 1.00; 0.00; 0.00; 0.00; 0.96; 0.00; 0.00; 0.00; 3.55; 0.00; 333.33; 3.33; 1.00; 1.00; 5.00 
2023-11-27 14:27:44:470;3.51; 0.00; 0.000; 3.55; 3.46; 3.46; 0.00; 0.00; 0.00; 0.00; 0.00; 3.47; 0.00; 60.00; 1.00; 0.00; 0.000; 291.01; 0.00; 1.820; 0.00; 65535.00; 40.00; 5.00; 0.00; 255.00; 255.00; 250.00; 0.00; 0.00; 1.00; 0.00; 813639.62; 155635.75; 145209524224.00; 1.00; 0.00; 0.00; 1.00; 0.00; 0.00; 1.00; 0.00; 0.00; 0.00; 0.00; 0.00; 1.00; 0.00; 0.00; 0.00; 0.96; 0.00; 0.00; 0.00; 3.56; 0.00; 333.33; 3.33; 1.00; 1.00; 5.00 
2023-11-27 14:27:44:590;3.50; 0.00; 0.000; 3.55; 3.47; 3.46; 0.00; 0.00; 0.00; 0.00; 0.00; 3.47; 0.00; 60.00; 1.00; 0.00; 0.000; 291.01; 0.00; 1.820; 0.00; 65535.00; 40.00; 5.00; 0.00; 255.00; 255.00; 250.00; 0.00; 0.00; 1.00; 0.00; 813639.62; 155635.75; 145209524224.00; 1.00; 0.00; 0.00; 1.00; 0.00; 0.00; 1.00; 0.00; 0.00; 0.00; 0.00; 0.00; 1.00; 0.00; 0.00; 0.00; 0.96; 0.00; 0.00; 0.00; 3.56; 0.00; 333.33; 3.33; 1.00; 1.00; 5.00 
2023-11-27 14:27:44:710;3.51; 0.00; 0.000; 3.55; 3.45; 3.45; 0.00; 0.00; 0.00; 0.00; 0.00; 3.45; 0.00; 60.00; 1.00; 0.00; 0.000; 291.01; 0.00; 1.820; 0.00; 65535.00; 40.00; 5.00; 0.00; 255.00; 255.00; 250.00; 0.00; 0.00; 1.00; 0.00; 813639.62; 155635.75; 145209524224.00; 1.00; 0.00; 0.00; 1.00; 0.00; 0.00; 1.00; 0.00; 0.00; 0.00; 0.00; 0.00; 1.00; 0.00; 0.00; 0.00; 0.96; 0.00; 0.00; 0.00; 3.56; 0.00; 333.33; 3.33; 1.00; 1.00; 5.00 
2023-11-27 14:27:44:830;3.52; 0.00; 0.000; 3.56; 3.47; 3.48; 0.00; 0.00; 0.00; 0.00; 0.00; 3.49; 0.00; 60.00; 1.00; 0.00; 0.000; 291.01; 0.00; 1.820; 0.00; 65535.00; 40.00; 5.00; 0.00; 255.00; 255.00; 250.00; 0.00; 0.00; 1.00; 0.00; 813640.00; 155635.75; 145209524224.00; 1.00; 0.00; 0.00; 1.00; 0.00; 0.00; 1.00; 0.00; 0.00; 0.00; 0.00; 0.00; 1.00; 0.00; 0.00; 0.00; 0.96; 0.00; 0.00; 0.00; 3.56; 0.00; 333.33; 3.33; 1.00; 1.00; 5.00 
2023-11-27 14:27:44:950;3.52; 0.00; 0.000; 3.55; 3.45; 3.45; 0.00; 0.00; 0.00; 0.00; 0.00; 3.46; 0.00; 60.00; 1.00; 0.00; 0.000; 291.01; 0.00; 1.820; 0.00; 65535.00; 40.00; 5.00; 0.00; 255.00; 255.00; 250.00; 0.00; 0.00; 1.00; 0.00; 813640.00; 155635.75; 145209524224.00; 1.00; 0.00; 0.00; 1.00; 0.00; 0.00; 1.00; 0.00; 0.00; 0.00; 0.00; 0.00; 1.00; 0.00; 0.00; 0.00; 0.96; 0.00; 0.00; 0.00; 3.56; 0.00; 333.33; 3.33; 1.00; 1.00; 5.00 
2023-11-27 14:27:45:070;3.52; 0.00; 0.000; 3.55; 3.46; 3.46; 0.00; 0.00; 0.00; 0.00; 0.00; 3.46; 0.00; 60.00; 1.00; 0.00; 0.000; 291.01; 0.00; 1.820; 0.00; 65535.00; 40.00; 5.00; 0.00; 255.00; 255.00; 250.00; 0.00; 0.00; 1.00; 0.00; 813640.00; 155635.75; 145209524224.00; 1.00; 0.00; 0.00; 1.00; 0.00; 0.00; 1.00; 0.00; 0.00; 0.00; 0.00; 0.00; 1.00; 0.00; 0.00; 0.00; 0.96; 0.00; 0.00; 0.00; 3.56; 0.00; 333.33; 2.92; 1.00; 1.00; 5.00 
2023-11-27 14:27:45:190;3.51; 0.00; 0.000; 3.55; 3.48; 3.47; 0.00; 0.00; 0.00; 0.00; 0.00; 3.48; 0.00; 60.00; 1.00; 0.00; 0.000; 291.01; 0.00; 1.820; 0.00; 65535.00; 40.00; 5.00; 0.00; 255.00; 255.00; 250.00; 0.00; 0.00; 1.00; 0.00; 813640.00; 155635.75; 145209524224.00; 1.00; 0.00; 0.00; 1.00; 0.00; 0.00; 1.00; 0.00; 0.00; 0.00; 0.00; 0.00; 1.00; 0.00; 0.00; 0.00; 0.96; 0.00; 0.00; 0.00; 3.56; 0.00; 333.33; 3.33; 1.00; 1.00; 5.00 
2023-11-27 14:27:45:310;3.51; 0.00; 0.000; 3.54; 3.43; 3.44; 0.00; 0.00; 0.00; 0.00; 0.00; 3.44; 0.00; 60.00; 1.00; 0.00; 0.000; 291.01; 0.00; 1.820; 0.00; 65535.00; 40.00; 5.00; 0.00; 255.00; 255.00; 250.00; 0.00; 0.00; 1.00; 0.00; 813640.37; 155635.75; 145209524224.00; 1.00; 0.00; 0.00; 1.00; 0.00; 0.00; 1.00; 0.00; 0.00; 0.00; 0.00; 0.00; 1.00; 0.00; 0.00; 0.00; 0.96; 0.00; 0.00; 0.00; 3.56; 0.00; 333.33; 2.92; 1.00; 1.00; 5.00 
2023-11-27 14:27:45:430;3.52; 0.00; 0.000; 3.55; 3.46; 3.46; 0.00; 0.00; 0.00; 0.00; 0.00; 3.46; 0.00; 60.00; 1.00; 0.00; 0.000; 291.01; 0.00; 1.820; 0.00; 65535.00; 40.00; 5.00; 0.00; 255.00; 255.00; 250.00; 0.00; 0.00; 1.00; 0.00; 813640.37; 155635.75; 145209524224.00; 1.00; 0.00; 0.00; 1.00; 0.00; 0.00; 1.00; 0.00; 0.00; 0.00; 0.00; 0.00; 1.00; 0.00; 0.00; 0.00; 0.96; 0.00; 0.00; 0.00; 3.55; 0.00; 333.33; 3.33; 1.00; 1.00; 5.00 
2023-11-27 14:27:45:550;3.52; 0.00; 0.000; 3.55; 3.45; 3.46; 0.00; 0.00; 0.00; 0.00; 0.00; 3.46; 0.00; 60.00; 1.00; 0.00; 0.000; 291.01; 0.00; 1.820; 0.00; 65535.00; 40.00; 5.00; 0.00; 255.00; 255.00; 250.00; 0.00; 0.00; 1.00; 0.00; 813640.37; 155635.75; 145209524224.00; 1.00; 0.00; 0.00; 1.00; 0.00; 0.00; 1.00; 0.00; 0.00; 0.00; 0.00; 0.00; 1.00; 0.00; 0.00; 0.00; 0.96; 0.00; 0.00; 0.00; 3.55; 0.00; 333.33; 3.33; 1.00; 1.00; 5.00 
2023-11-27 14:27:45:670;3.52; 0.00; 0.000; 3.55; 3.45; 3.46; 0.00; 0.00; 0.00; 0.00; 0.00; 3.46; 0.00; 60.00; 1.00; 0.00; 0.000; 291.01; 0.00; 1.820; 0.00; 65535.00; 40.00; 5.00; 0.00; 255.00; 255.00; 250.00; 0.00; 0.00; 1.00; 0.00; 813640.37; 155635.75; 145209524224.00; 1.00; 0.00; 0.00; 1.00; 0.00; 0.00; 1.00; 0.00; 0.00; 0.00; 0.00; 0.00; 1.00; 0.00; 0.00; 0.00; 0.96; 0.00; 0.00; 0.00; 3.55; 0.00; 333.33; 3.33; 1.00; 1.00; 5.00 
2023-11-27 14:27:45:790;3.52; 0.00; 0.000; 3.55; 3.47; 3.47; 0.00; 0.00; 0.00; 0.00; 0.00; 3.47; 0.00; 60.00; 1.00; 0.00; 0.000; 291.01; 0.00; 1.820; 0.00; 65535.00; 40.00; 5.00; 0.00; 255.00; 255.00; 250.00; 0.00; 0.00; 1.00; 0.00; 813640.81; 155635.75; 145209524224.00; 1.00; 0.00; 0.00; 1.00; 0.00; 0.00; 1.00; 0.00; 0.00; 0.00; 0.00; 0.00; 1.00; 0.00; 0.00; 0.00; 0.96; 0.00; 0.00; 0.00; 3.55; 0.00; 333.33; 3.33; 1.00; 1.00; 5.00 
2023-11-27 14:27:45:910;3.53; 0.00; 0.000; 3.55; 3.45; 3.45; 0.00; 0.00; 0.00; 0.00; 0.00; 3.45; 0.00; 60.00; 1.00; 0.00; 0.000; 291.01; 0.00; 1.820; 0.00; 65535.00; 40.00; 5.00; 0.00; 255.00; 255.00; 250.00; 0.00; 0.00; 1.00; 0.00; 813640.81; 155635.75; 145209524224.00; 1.00; 0.00; 0.00; 1.00; 0.00; 0.00; 1.00; 0.00; 0.00; 0.00; 0.00; 0.00; 1.00; 0.00; 0.00; 0.00; 0.96; 0.00; 0.00; 0.00; 3.56; 0.00; 333.33; 3.33; 1.00; 1.00; 5.00 
2023-11-27 14:27:46:030;3.53; 0.00; 0.000; 3.56; 3.47; 3.47; 0.00; 0.00; 0.00; 0.00; 0.00; 3.48; 0.00; 60.00; 1.00; 0.00; 0.000; 291.01; 0.00; 1.820; 0.00; 65535.00; 40.00; 5.00; 0.00; 255.00; 255.00; 250.00; 0.00; 0.00; 1.00; 0.00; 813640.81; 155635.75; 145209524224.00; 1.00; 0.00; 0.00; 1.00; 0.00; 0.00; 1.00; 0.00; 0.00; 0.00; 0.00; 0.00; 1.00; 0.00; 0.00; 0.00; 0.96; 0.00; 0.00; 0.00; 3.56; 0.00; 333.33; 3.33; 1.00; 1.00; 5.00 
2023-11-27 14:27:46:150;3.53; 0.00; 0.000; 3.54; 3.44; 3.45; 0.00; 0.00; 0.00; 0.00; 0.00; 3.46; 0.00; 60.00; 1.00; 0.00; 0.000; 291.01; 0.00; 1.820; 0.00; 65535.00; 40.00; 5.00; 0.00; 255.00; 255.00; 250.00; 0.00; 0.00; 1.00; 0.00; 813640.81; 155635.75; 145209524224.00; 1.00; 0.00; 0.00; 1.00; 0.00; 0.00; 1.00; 0.00; 0.00; 0.00; 0.00; 0.00; 1.00; 0.00; 0.00; 0.00; 0.96; 0.00; 0.00; 0.00; 3.56; 0.00; 333.33; 3.33; 1.00; 1.00; 5.00 
2023-11-27 14:27:46:270;3.53; 0.00; 0.000; 3.55; 3.45; 3.45; 0.00; 0.00; 0.00; 0.00; 0.00; 3.46; 0.00; 60.00; 1.00; 0.00; 0.000; 291.01; 0.00; 1.820; 0.00; 65535.00; 40.00; 5.00; 0.00; 255.00; 255.00; 250.00; 0.00; 0.00; 1.00; 0.00; 813641.19; 155635.75; 145209524224.00; 1.00; 0.00; 0.00; 1.00; 0.00; 0.00; 1.00; 0.00; 0.00; 0.00; 0.00; 0.00; 1.00; 0.00; 0.00; 0.00; 0.96; 0.00; 0.00; 0.00; 3.55; 0.00; 333.33; 3.33; 1.00; 1.00; 5.00 
2023-11-27 14:27:46:390;3.53; 0.00; 0.000; 3.55; 3.47; 3.46; 0.00; 0.00; 0.00; 0.00; 0.00; 3.47; 0.00; 60.00; 1.00; 0.00; 0.000; 291.01; 0.00; 1.820; 0.00; 65535.00; 40.00; 5.00; 0.00; 255.00; 255.00; 250.00; 0.00; 0.00; 1.00; 0.00; 813641.19; 155635.75; 145209524224.00; 1.00; 0.00; 0.00; 1.00; 0.00; 0.00; 1.00; 0.00; 0.00; 0.00; 0.00; 0.00; 1.00; 0.00; 0.00; 0.00; 0.96; 0.00; 0.00; 0.00; 3.56; 0.00; 333.33; 3.33; 1.00; 1.00; 5.00 
2023-11-27 14:27:46:510;3.52; 0.00; 0.000; 3.56; 3.46; 3.46; 0.00; 0.00; 0.00; 0.00; 0.00; 3.47; 0.00; 60.00; 1.00; 0.00; 0.000; 291.01; 0.00; 1.820; 0.00; 65535.00; 40.00; 5.00; 0.00; 255.00; 255.00; 250.00; 0.00; 0.00; 1.00; 0.00; 813641.19; 155635.75; 145209524224.00; 1.00; 0.00; 0.00; 1.00; 0.00; 0.00; 1.00; 0.00; 0.00; 0.00; 0.00; 0.00; 1.00; 0.00; 0.00; 0.00; 0.96; 0.00; 0.00; 0.00; 3.56; 0.00; 333.33; 3.33; 1.00; 1.00; 5.00 
2023-11-27 14:27:46:630;3.52; 0.00; 0.000; 3.55; 3.45; 3.45; 0.00; 0.00; 0.00; 0.00; 0.00; 3.46; 0.00; 60.00; 1.00; 0.00; 0.000; 291.01; 0.00; 1.820; 0.00; 65535.00; 40.00; 5.00; 0.00; 255.00; 255.00; 250.00; 0.00; 0.00; 1.00; 0.00; 813641.19; 155635.75; 145209524224.00; 1.00; 0.00; 0.00; 1.00; 0.00; 0.00; 1.00; 0.00; 0.00; 0.00; 0.00; 0.00; 1.00; 0.00; 0.00; 0.00; 0.96; 0.00; 0.00; 0.00; 3.56; 0.00; 333.33; 3.33; 1.00; 1.00; 5.00 
2023-11-27 14:27:46:750;3.52; 0.00; 0.000; 3.55; 3.46; 3.47; 0.00; 0.00; 0.00; 0.00; 0.00; 3.47; 0.00; 60.00; 1.00; 0.00; 0.000; 291.01; 0.00; 1.820; 0.00; 65535.00; 40.00; 5.00; 0.00; 255.00; 255.00; 250.00; 0.00; 0.00; 1.00; 0.00; 813641.69; 155635.75; 145209524224.00; 1.00; 0.00; 0.00; 1.00; 0.00; 0.00; 1.00; 0.00; 0.00; 0.00; 0.00; 0.00; 1.00; 0.00; 0.00; 0.00; 0.96; 0.00; 0.00; 0.00; 3.56; 0.00; 333.33; 3.33; 1.00; 1.00; 5.00 
2023-11-27 14:27:46:870;3.52; 0.00; 0.000; 3.55; 3.46; 3.45; 0.00; 0.00; 0.00; 0.00; 0.00; 3.45; 0.00; 60.00; 1.00; 0.00; 0.000; 291.01; 0.00; 1.820; 0.00; 65535.00; 40.00; 5.00; 0.00; 255.00; 255.00; 250.00; 0.00; 0.00; 1.00; 0.00; 813641.69; 155635.75; 145209524224.00; 1.00; 0.00; 0.00; 1.00; 0.00; 0.00; 1.00; 0.00; 0.00; 0.00; 0.00; 0.00; 1.00; 0.00; 0.00; 0.00; 0.96; 0.00; 0.00; 0.00; 3.56; 0.00; 333.33; 3.33; 1.00; 1.00; 5.00 
2023-11-27 14:27:46:990;3.52; 0.00; 0.000; 3.55; 3.47; 3.47; 0.00; 0.00; 0.00; 0.00; 0.00; 3.48; 0.00; 60.00; 1.00; 0.00; 0.000; 291.01; 0.00; 1.820; 0.00; 65535.00; 40.00; 5.00; 0.00; 255.00; 255.00; 250.00; 0.00; 0.00; 1.00; 0.00; 813641.69; 155635.75; 145209524224.00; 1.00; 0.00; 0.00; 1.00; 0.00; 0.00; 1.00; 0.00; 0.00; 0.00; 0.00; 0.00; 1.00; 0.00; 0.00; 0.00; 0.96; 0.00; 0.00; 0.00; 3.56; 0.00; 333.33; 3.33; 1.00; 1.00; 5.00 
2023-11-27 14:27:47:110;3.52; 0.00; 0.000; 3.54; 3.45; 3.44; 0.00; 0.00; 0.00; 0.00; 0.00; 3.44; 0.00; 60.00; 1.00; 0.00; 0.000; 291.01; 0.00; 1.820; 0.00; 65535.00; 40.00; 5.00; 0.00; 255.00; 255.00; 250.00; 0.00; 0.00; 1.00; 0.00; 813641.69; 155635.75; 145209524224.00; 1.00; 0.00; 0.00; 1.00; 0.00; 0.00; 1.00; 0.00; 0.00; 0.00; 0.00; 0.00; 1.00; 0.00; 0.00; 0.00; 0.96; 0.00; 0.00; 0.00; 3.56; 0.00; 333.33; 3.33; 1.00; 1.00; 5.00 
2023-11-27 14:27:47:230;3.51; 0.00; 0.000; 3.55; 3.46; 3.47; 0.00; 0.00; 0.00; 0.00; 0.00; 3.47; 0.00; 60.00; 1.00; 0.00; 0.000; 291.01; 0.00; 1.820; 0.00; 65535.00; 40.00; 5.00; 0.00; 255.00; 255.00; 250.00; 0.00; 0.00; 1.00; 0.00; 813641.69; 155635.75; 145209524224.00; 1.00; 0.00; 0.00; 1.00; 0.00; 0.00; 1.00; 0.00; 0.00; 0.00; 0.00; 0.00; 1.00; 0.00; 0.00; 0.00; 0.96; 0.00; 0.00; 0.00; 3.55; 0.00; 333.33; 3.33; 1.00; 1.00; 5.00 
2023-11-27 14:27:47:350;3.49; 0.00; 0.000; 3.54; 3.46; 3.45; 0.00; 0.00; 0.00; 0.00; 0.00; 3.45; 0.00; 60.00; 1.00; 0.00; 0.000; 291.01; 0.00; 1.820; 0.00; 65535.00; 40.00; 5.00; 0.00; 255.00; 255.00; 250.00; 0.00; 0.00; 1.00; 0.00; 813642.12; 155635.75; 145209524224.00; 1.00; 0.00; 0.00; 1.00; 0.00; 0.00; 1.00; 0.00; 0.00; 0.00; 0.00; 0.00; 1.00; 0.00; 0.00; 0.00; 0.96; 0.00; 0.00; 0.00; 3.56; 0.00; 333.33; 3.33; 1.00; 1.00; 5.00 
2023-11-27 14:27:47:470;3.49; 0.00; 0.000; 3.55; 3.46; 3.45; 0.00; 0.00; 0.00; 0.00; 0.00; 3.46; 0.00; 60.00; 1.00; 0.00; 0.000; 291.01; 0.00; 1.820; 0.00; 65535.00; 40.00; 5.00; 0.00; 255.00; 255.00; 250.00; 0.00; 0.00; 1.00; 0.00; 813642.12; 155635.75; 145209524224.00; 1.00; 0.00; 0.00; 1.00; 0.00; 0.00; 1.00; 0.00; 0.00; 0.00; 0.00; 0.00; 1.00; 0.00; 0.00; 0.00; 0.96; 0.00; 0.00; 0.00; 3.55; 0.00; 333.33; 3.33; 1.00; 1.00; 5.00 
2023-11-27 14:27:47:590;3.48; 0.00; 0.000; 3.54; 3.46; 3.46; 0.00; 0.00; 0.00; 0.00; 0.00; 3.47; 0.00; 60.00; 1.00; 0.00; 0.000; 291.01; 0.00; 1.820; 0.00; 65535.00; 40.00; 5.00; 0.00; 255.00; 255.00; 250.00; 0.00; 0.00; 1.00; 0.00; 813642.12; 155635.75; 145209524224.00; 1.00; 0.00; 0.00; 1.00; 0.00; 0.00; 1.00; 0.00; 0.00; 0.00; 0.00; 0.00; 1.00; 0.00; 0.00; 0.00; 0.96; 0.00; 0.00; 0.00; 3.55; 0.00; 333.33; 2.92; 1.00; 1.00; 5.00 
2023-11-27 14:27:47:710;3.47; 0.00; 0.000; 3.54; 3.44; 3.45; 0.00; 0.00; 0.00; 0.00; 0.00; 3.44; 0.00; 60.00; 1.00; 0.00; 0.000; 291.01; 0.00; 1.820; 0.00; 65535.00; 40.00; 5.00; 0.00; 255.00; 255.00; 250.00; 0.00; 0.00; 1.00; 0.00; 813642.12; 155635.75; 145209524224.00; 1.00; 0.00; 0.00; 1.00; 0.00; 0.00; 1.00; 0.00; 0.00; 0.00; 0.00; 0.00; 1.00; 0.00; 0.00; 0.00; 0.96; 0.00; 0.00; 0.00; 3.55; 0.00; 333.33; 3.33; 1.00; 1.00; 5.00 
2023-11-27 14:27:47:830;3.47; 0.00; 0.000; 3.55; 3.45; 3.46; 0.00; 0.00; 0.00; 0.00; 0.00; 3.46; 0.00; 60.00; 1.00; 0.00; 0.000; 291.01; 0.00; 1.820; 0.00; 65535.00; 40.00; 5.00; 0.00; 255.00; 255.00; 250.00; 0.00; 0.00; 1.00; 0.00; 813642.50; 155635.75; 145209524224.00; 1.00; 0.00; 0.00; 1.00; 0.00; 0.00; 1.00; 0.00; 0.00; 0.00; 0.00; 0.00; 1.00; 0.00; 0.00; 0.00; 0.96; 0.00; 0.00; 0.00; 3.55; 0.00; 333.33; 3.33; 1.00; 1.00; 5.00 
2023-11-27 14:27:47:950;3.47; 0.00; 0.000; 3.54; 3.45; 3.45; 0.00; 0.00; 0.00; 0.00; 0.00; 3.45; 0.00; 60.00; 1.00; 0.00; 0.000; 291.01; 0.00; 1.820; 0.00; 65535.00; 40.00; 5.00; 0.00; 255.00; 255.00; 250.00; 0.00; 0.00; 1.00; 0.00; 813642.50; 155635.75; 145209524224.00; 1.00; 0.00; 0.00; 1.00; 0.00; 0.00; 1.00; 0.00; 0.00; 0.00; 0.00; 0.00; 1.00; 0.00; 0.00; 0.00; 0.96; 0.00; 0.00; 0.00; 3.55; 0.00; 333.33; 3.33; 1.00; 1.00; 5.00 
2023-11-27 14:27:48:070;3.46; 0.00; 0.000; 3.55; 3.47; 3.47; 0.00; 0.00; 0.00; 0.00; 0.00; 3.48; 0.00; 60.00; 1.00; 0.00; 0.000; 291.01; 0.00; 1.820; 0.00; 65535.00; 40.00; 5.00; 0.00; 255.00; 255.00; 250.00; 0.00; 0.00; 1.00; 0.00; 813642.50; 155635.75; 145209524224.00; 1.00; 0.00; 0.00; 1.00; 0.00; 0.00; 1.00; 0.00; 0.00; 0.00; 0.00; 0.00; 1.00; 0.00; 0.00; 0.00; 0.96; 0.00; 0.00; 0.00; 3.55; 0.00; 333.33; 3.33; 1.00; 1.00; 5.00 
2023-11-27 14:27:48:190;3.45; 0.00; 0.000; 3.55; 3.45; 3.46; 0.00; 0.00; 0.00; 0.00; 0.00; 3.47; 0.00; 60.00; 1.00; 0.00; 0.000; 291.01; 0.00; 1.820; 0.00; 65535.00; 40.00; 5.00; 0.00; 255.00; 255.00; 250.00; 0.00; 0.00; 1.00; 0.00; 813642.50; 155635.75; 145209524224.00; 1.00; 0.00; 0.00; 1.00; 0.00; 0.00; 1.00; 0.00; 0.00; 0.00; 0.00; 0.00; 1.00; 0.00; 0.00; 0.00; 0.96; 0.00; 0.00; 0.00; 3.55; 0.00; 333.33; 3.33; 1.00; 1.00; 5.00 
2023-11-27 14:27:48:310;3.45; 0.00; 0.000; 3.54; 3.44; 3.44; 0.00; 0.00; 0.00; 0.00; 0.00; 3.45; 0.00; 60.00; 1.00; 0.00; 0.000; 291.01; 0.00; 1.820; 0.00; 65535.00; 40.00; 5.00; 0.00; 255.00; 255.00; 250.00; 0.00; 0.00; 1.00; 0.00; 813642.87; 155635.75; 145209524224.00; 1.00; 0.00; 0.00; 1.00; 0.00; 0.00; 1.00; 0.00; 0.00; 0.00; 0.00; 0.00; 1.00; 0.00; 0.00; 0.00; 0.96; 0.00; 0.00; 0.00; 3.56; 0.00; 333.33; 3.33; 1.00; 1.00; 5.00 
2023-11-27 14:27:48:430;3.43; 0.00; 0.000; 3.55; 3.47; 3.47; 0.00; 0.00; 0.00; 0.00; 0.00; 3.48; 0.00; 60.00; 1.00; 0.00; 0.000; 291.01; 0.00; 1.820; 0.00; 65535.00; 40.00; 5.00; 0.00; 255.00; 255.00; 250.00; 0.00; 0.00; 1.00; 0.00; 813642.87; 155635.75; 145209524224.00; 1.00; 0.00; 0.00; 1.00; 0.00; 0.00; 1.00; 0.00; 0.00; 0.00; 0.00; 0.00; 1.00; 0.00; 0.00; 0.00; 0.96; 0.00; 0.00; 0.00; 3.55; 0.00; 333.33; 3.33; 1.00; 1.00; 5.00 
2023-11-27 14:27:48:550;3.43; 0.00; 0.000; 3.55; 3.45; 3.45; 0.00; 0.00; 0.00; 0.00; 0.00; 3.45; 0.00; 60.00; 1.00; 0.00; 0.000; 291.01; 0.00; 1.820; 0.00; 65535.00; 40.00; 5.00; 0.00; 255.00; 255.00; 250.00; 0.00; 0.00; 1.00; 0.00; 813642.87; 155635.75; 145209524224.00; 1.00; 0.00; 0.00; 1.00; 0.00; 0.00; 1.00; 0.00; 0.00; 0.00; 0.00; 0.00; 1.00; 0.00; 0.00; 0.00; 0.96; 0.00; 0.00; 0.00; 3.55; 0.00; 333.33; 3.33; 1.00; 1.00; 5.00 
2023-11-27 14:27:48:670;3.43; 0.00; 0.000; 3.55; 3.48; 3.47; 0.00; 0.00; 0.00; 0.00; 0.00; 3.48; 0.00; 60.00; 1.00; 0.00; 0.000; 291.01; 0.00; 1.820; 0.00; 65535.00; 40.00; 5.00; 0.00; 255.00; 255.00; 250.00; 0.00; 0.00; 1.00; 0.00; 813642.87; 155635.75; 145209524224.00; 1.00; 0.00; 0.00; 1.00; 0.00; 0.00; 1.00; 0.00; 0.00; 0.00; 0.00; 0.00; 1.00; 0.00; 0.00; 0.00; 0.96; 0.00; 0.00; 0.00; 3.55; 0.00; 333.33; 3.33; 1.00; 1.00; 5.00 
2023-11-27 14:27:48:790;3.43; 0.00; 0.000; 3.54; 3.44; 3.45; 0.00; 0.00; 0.00; 0.00; 0.00; 3.45; 0.00; 60.00; 1.00; 0.00; 0.000; 291.01; 0.00; 1.820; 0.00; 65535.00; 40.00; 5.00; 0.00; 255.00; 255.00; 250.00; 0.00; 0.00; 1.00; 0.00; 813643.31; 155635.75; 145209524224.00; 1.00; 0.00; 0.00; 1.00; 0.00; 0.00; 1.00; 0.00; 0.00; 0.00; 0.00; 0.00; 1.00; 0.00; 0.00; 0.00; 0.96; 0.00; 0.00; 0.00; 3.56; 0.00; 333.33; 3.33; 1.00; 1.00; 5.00 
2023-11-27 14:27:48:910;3.44; 0.00; 0.000; 3.55; 3.46; 3.47; 0.00; 0.00; 0.00; 0.00; 0.00; 3.47; 0.00; 60.00; 1.00; 0.00; 0.000; 291.01; 0.00; 1.820; 0.00; 65535.00; 40.00; 5.00; 0.00; 255.00; 255.00; 250.00; 0.00; 0.00; 1.00; 0.00; 813643.31; 155635.75; 145209524224.00; 1.00; 0.00; 0.00; 1.00; 0.00; 0.00; 1.00; 0.00; 0.00; 0.00; 0.00; 0.00; 1.00; 0.00; 0.00; 0.00; 0.96; 0.00; 0.00; 0.00; 3.55; 0.00; 333.33; 3.33; 1.00; 1.00; 5.00 
2023-11-27 14:27:49:030;3.46; 0.00; 0.000; 3.55; 3.46; 3.46; 0.00; 0.00; 0.00; 0.00; 0.00; 3.46; 0.00; 60.00; 1.00; 0.00; 0.000; 291.01; 0.00; 1.820; 0.00; 65535.00; 40.00; 5.00; 0.00; 255.00; 255.00; 250.00; 0.00; 0.00; 1.00; 0.00; 813643.31; 155635.75; 145209524224.00; 1.00; 0.00; 0.00; 1.00; 0.00; 0.00; 1.00; 0.00; 0.00; 0.00; 0.00; 0.00; 1.00; 0.00; 0.00; 0.00; 0.96; 0.00; 0.00; 0.00; 3.56; 0.00; 333.33; 3.33; 1.00; 1.00; 5.00 
2023-11-27 14:27:49:150;3.47; 0.00; 0.000; 3.55; 3.46; 3.46; 0.00; 0.00; 0.00; 0.00; 0.00; 3.47; 0.00; 60.00; 1.00; 0.00; 0.000; 291.01; 0.00; 1.820; 0.00; 65535.00; 40.00; 5.00; 0.00; 255.00; 255.00; 250.00; 0.00; 0.00; 1.00; 0.00; 813643.31; 155635.75; 145209524224.00; 1.00; 0.00; 0.00; 1.00; 0.00; 0.00; 1.00; 0.00; 0.00; 0.00; 0.00; 0.00; 1.00; 0.00; 0.00; 0.00; 0.96; 0.00; 0.00; 0.00; 3.56; 0.00; 333.33; 3.33; 1.00; 1.00; 5.00 
2023-11-27 14:27:49:270;3.47; 0.00; 0.000; 3.54; 3.45; 3.45; 0.00; 0.00; 0.00; 0.00; 0.00; 3.46; 0.00; 60.00; 1.00; 0.00; 0.000; 291.01; 0.00; 1.820; 0.00; 65535.00; 40.00; 5.00; 0.00; 255.00; 255.00; 250.00; 0.00; 0.00; 1.00; 0.00; 813643.69; 155635.75; 145209524224.00; 1.00; 0.00; 0.00; 1.00; 0.00; 0.00; 1.00; 0.00; 0.00; 0.00; 0.00; 0.00; 1.00; 0.00; 0.00; 0.00; 0.96; 0.00; 0.00; 0.00; 3.56; 0.00; 333.33; 3.33; 1.00; 1.00; 5.00 
2023-11-27 14:27:49:390;3.48; 0.00; 0.000; 3.54; 3.44; 3.44; 0.00; 0.00; 0.00; 0.00; 0.00; 3.45; 0.00; 60.00; 1.00; 0.00; 0.000; 291.01; 0.00; 1.820; 0.00; 65535.00; 40.00; 5.00; 0.00; 255.00; 255.00; 250.00; 0.00; 0.00; 1.00; 0.00; 813643.69; 155635.75; 145209524224.00; 1.00; 0.00; 0.00; 1.00; 0.00; 0.00; 1.00; 0.00; 0.00; 0.00; 0.00; 0.00; 1.00; 0.00; 0.00; 0.00; 0.96; 0.00; 0.00; 0.00; 3.55; 0.00; 333.33; 3.33; 1.00; 1.00; 5.00 
2023-11-27 14:27:49:510;3.47; 0.00; 0.000; 3.55; 3.46; 3.47; 0.00; 0.00; 0.00; 0.00; 0.00; 3.47; 0.00; 60.00; 1.00; 0.00; 0.000; 291.01; 0.00; 1.820; 0.00; 65535.00; 40.00; 5.00; 0.00; 255.00; 255.00; 250.00; 0.00; 0.00; 1.00; 0.00; 813643.69; 155635.75; 145209524224.00; 1.00; 0.00; 0.00; 1.00; 0.00; 0.00; 1.00; 0.00; 0.00; 0.00; 0.00; 0.00; 1.00; 0.00; 0.00; 0.00; 0.96; 0.00; 0.00; 0.00; 3.55; 0.00; 333.33; 3.33; 1.00; 1.00; 5.00 
2023-11-27 14:27:49:630;3.48; 0.00; 0.000; 3.54; 3.44; 3.45; 0.00; 0.00; 0.00; 0.00; 0.00; 3.46; 0.00; 60.00; 1.00; 0.00; 0.000; 291.01; 0.00; 1.820; 0.00; 65535.00; 40.00; 5.00; 0.00; 255.00; 255.00; 250.00; 0.00; 0.00; 1.00; 0.00; 813643.69; 155635.75; 145209524224.00; 1.00; 0.00; 0.00; 1.00; 0.00; 0.00; 1.00; 0.00; 0.00; 0.00; 0.00; 0.00; 1.00; 0.00; 0.00; 0.00; 0.96; 0.00; 0.00; 0.00; 3.55; 0.00; 333.33; 2.92; 1.00; 1.00; 5.00 
2023-11-27 14:27:49:750;3.48; 0.00; 0.000; 3.55; 3.46; 3.46; 0.00; 0.00; 0.00; 0.00; 0.00; 3.47; 0.00; 60.00; 1.00; 0.00; 0.000; 291.01; 0.00; 1.820; 0.00; 65535.00; 40.00; 5.00; 0.00; 255.00; 255.00; 250.00; 0.00; 0.00; 1.00; 0.00; 813644.19; 155635.75; 145209524224.00; 1.00; 0.00; 0.00; 1.00; 0.00; 0.00; 1.00; 0.00; 0.00; 0.00; 0.00; 0.00; 1.00; 0.00; 0.00; 0.00; 0.96; 0.00; 0.00; 0.00; 3.55; 0.00; 333.33; 3.33; 1.00; 1.00; 5.00 
2023-11-27 14:27:49:870;3.47; 0.00; 0.000; 3.55; 3.46; 3.46; 0.00; 0.00; 0.00; 0.00; 0.00; 3.46; 0.00; 60.00; 1.00; 0.00; 0.000; 291.01; 0.00; 1.820; 0.00; 65535.00; 40.00; 5.00; 0.00; 255.00; 255.00; 250.00; 0.00; 0.00; 1.00; 0.00; 813644.19; 155635.75; 145209524224.00; 1.00; 0.00; 0.00; 1.00; 0.00; 0.00; 1.00; 0.00; 0.00; 0.00; 0.00; 0.00; 1.00; 0.00; 0.00; 0.00; 0.96; 0.00; 0.00; 0.00; 3.56; 0.00; 333.33; 2.92; 1.00; 1.00; 5.00 
2023-11-27 14:27:49:990;3.48; 0.00; 0.000; 3.56; 3.46; 3.47; 0.00; 0.00; 0.00; 0.00; 0.00; 3.47; 0.00; 60.00; 1.00; 0.00; 0.000; 291.01; 0.00; 1.820; 0.00; 65535.00; 40.00; 5.00; 0.00; 255.00; 255.00; 250.00; 0.00; 0.00; 1.00; 0.00; 813644.19; 155635.75; 145209524224.00; 1.00; 0.00; 0.00; 1.00; 0.00; 0.00; 1.00; 0.00; 0.00; 0.00; 0.00; 0.00; 1.00; 0.00; 0.00; 0.00; 0.96; 0.00; 0.00; 0.00; 3.55; 0.00; 333.33; 3.33; 1.00; 1.00; 5.00 
2023-11-27 14:27:50:110;3.48; 0.00; 0.000; 3.55; 3.46; 3.47; 0.00; 0.00; 0.00; 0.00; 0.00; 3.47; 0.00; 60.00; 1.00; 0.00; 0.000; 291.01; 0.00; 1.820; 0.00; 65535.00; 40.00; 5.00; 0.00; 255.00; 255.00; 250.00; 0.00; 0.00; 1.00; 0.00; 813644.19; 155635.75; 145209524224.00; 1.00; 0.00; 0.00; 1.00; 0.00; 0.00; 1.00; 0.00; 0.00; 0.00; 0.00; 0.00; 1.00; 0.00; 0.00; 0.00; 0.96; 0.00; 0.00; 0.00; 3.56; 0.00; 333.33; 2.92; 1.00; 1.00; 5.00 
2023-11-27 14:27:50:230;3.49; 0.00; 0.000; 3.55; 3.44; 3.45; 0.00; 0.00; 0.00; 0.00; 0.00; 3.46; 0.00; 60.00; 1.00; 0.00; 0.000; 291.01; 0.00; 1.820; 0.00; 65535.00; 40.00; 5.00; 0.00; 255.00; 255.00; 250.00; 0.00; 0.00; 1.00; 0.00; 813644.19; 155635.75; 145209524224.00; 1.00; 0.00; 0.00; 1.00; 0.00; 0.00; 1.00; 0.00; 0.00; 0.00; 0.00; 0.00; 1.00; 0.00; 0.00; 0.00; 0.96; 0.00; 0.00; 0.00; 3.56; 0.00; 333.33; 3.33; 1.00; 1.00; 5.00 
2023-11-27 14:27:50:350;3.49; 0.00; 0.000; 3.55; 3.46; 3.47; 0.00; 0.00; 0.00; 0.00; 0.00; 3.47; 0.00; 60.00; 1.00; 0.00; 0.000; 291.01; 0.00; 1.820; 0.00; 65535.00; 40.00; 5.00; 0.00; 255.00; 255.00; 250.00; 0.00; 0.00; 1.00; 0.00; 813644.62; 155635.75; 145209524224.00; 1.00; 0.00; 0.00; 1.00; 0.00; 0.00; 1.00; 0.00; 0.00; 0.00; 0.00; 0.00; 1.00; 0.00; 0.00; 0.00; 0.96; 0.00; 0.00; 0.00; 3.56; 0.00; 333.33; 3.33; 1.00; 1.00; 5.00 
2023-11-27 14:27:50:470;3.51; 0.00; 0.000; 3.55; 3.46; 3.45; 0.00; 0.00; 0.00; 0.00; 0.00; 3.45; 0.00; 60.00; 1.00; 0.00; 0.000; 291.01; 0.00; 1.820; 0.00; 65535.00; 40.00; 5.00; 0.00; 255.00; 255.00; 250.00; 0.00; 0.00; 1.00; 0.00; 813644.62; 155635.75; 145209524224.00; 1.00; 0.00; 0.00; 1.00; 0.00; 0.00; 1.00; 0.00; 0.00; 0.00; 0.00; 0.00; 1.00; 0.00; 0.00; 0.00; 0.96; 0.00; 0.00; 0.00; 3.55; 0.00; 333.33; 3.33; 1.00; 1.00; 5.00 
2023-11-27 14:27:50:590;3.51; 0.00; 0.000; 3.55; 3.46; 3.47; 0.00; 0.00; 0.00; 0.00; 0.00; 3.47; 0.00; 60.00; 1.00; 0.00; 0.000; 291.01; 0.00; 1.820; 0.00; 65535.00; 40.00; 5.00; 0.00; 255.00; 255.00; 250.00; 0.00; 0.00; 1.00; 0.00; 813644.62; 155635.75; 145209524224.00; 1.00; 0.00; 0.00; 1.00; 0.00; 0.00; 1.00; 0.00; 0.00; 0.00; 0.00; 0.00; 1.00; 0.00; 0.00; 0.00; 0.96; 0.00; 0.00; 0.00; 3.56; 0.00; 333.33; 3.33; 1.00; 1.00; 5.00 
2023-11-27 14:27:50:710;3.52; 0.00; 0.000; 3.54; 3.44; 3.44; 0.00; 0.00; 0.00; 0.00; 0.00; 3.45; 0.00; 60.00; 1.00; 0.00; 0.000; 291.01; 0.00; 1.820; 0.00; 65535.00; 40.00; 5.00; 0.00; 255.00; 255.00; 250.00; 0.00; 0.00; 1.00; 0.00; 813644.62; 155635.75; 145209524224.00; 1.00; 0.00; 0.00; 1.00; 0.00; 0.00; 1.00; 0.00; 0.00; 0.00; 0.00; 0.00; 1.00; 0.00; 0.00; 0.00; 0.96; 0.00; 0.00; 0.00; 3.55; 0.00; 333.33; 3.33; 1.00; 1.00; 5.00 
2023-11-27 14:27:50:830;3.52; 0.00; 0.000; 3.55; 3.47; 3.46; 0.00; 0.00; 0.00; 0.00; 0.00; 3.47; 0.00; 60.00; 1.00; 0.00; 0.000; 291.01; 0.00; 1.820; 0.00; 65535.00; 40.00; 5.00; 0.00; 255.00; 255.00; 250.00; 0.00; 0.00; 1.00; 0.00; 813645.00; 155635.75; 145209524224.00; 1.00; 0.00; 0.00; 1.00; 0.00; 0.00; 1.00; 0.00; 0.00; 0.00; 0.00; 0.00; 1.00; 0.00; 0.00; 0.00; 0.96; 0.00; 0.00; 0.00; 3.56; 0.00; 333.33; 3.33; 1.00; 1.00; 5.00 
2023-11-27 14:27:50:950;3.53; 0.00; 0.000; 3.55; 3.45; 3.45; 0.00; 0.00; 0.00; 0.00; 0.00; 3.46; 0.00; 60.00; 1.00; 0.00; 0.000; 291.01; 0.00; 1.820; 0.00; 65535.00; 40.00; 5.00; 0.00; 255.00; 255.00; 250.00; 0.00; 0.00; 1.00; 0.00; 813645.00; 155635.75; 145209524224.00; 1.00; 0.00; 0.00; 1.00; 0.00; 0.00; 1.00; 0.00; 0.00; 0.00; 0.00; 0.00; 1.00; 0.00; 0.00; 0.00; 0.96; 0.00; 0.00; 0.00; 3.55; 0.00; 333.33; 3.33; 1.00; 1.00; 5.00 
2023-11-27 14:27:51:070;3.52; 0.00; 0.000; 3.55; 3.46; 3.46; 0.00; 0.00; 0.00; 0.00; 0.00; 3.46; 0.00; 60.00; 1.00; 0.00; 0.000; 291.01; 0.00; 1.820; 0.00; 65535.00; 40.00; 5.00; 0.00; 255.00; 255.00; 250.00; 0.00; 0.00; 1.00; 0.00; 813645.00; 155635.75; 145209524224.00; 1.00; 0.00; 0.00; 1.00; 0.00; 0.00; 1.00; 0.00; 0.00; 0.00; 0.00; 0.00; 1.00; 0.00; 0.00; 0.00; 0.96; 0.00; 0.00; 0.00; 3.55; 0.00; 333.33; 3.33; 1.00; 1.00; 5.00 
2023-11-27 14:27:51:190;3.53; 0.00; 0.000; 3.55; 3.46; 3.47; 0.00; 0.00; 0.00; 0.00; 0.00; 3.48; 0.00; 60.00; 1.00; 0.00; 0.000; 291.01; 0.00; 1.820; 0.00; 65535.00; 40.00; 5.00; 0.00; 255.00; 255.00; 250.00; 0.00; 0.00; 1.00; 0.00; 813645.00; 155635.75; 145209524224.00; 1.00; 0.00; 0.00; 1.00; 0.00; 0.00; 1.00; 0.00; 0.00; 0.00; 0.00; 0.00; 1.00; 0.00; 0.00; 0.00; 0.96; 0.00; 0.00; 0.00; 3.55; 0.00; 333.33; 3.33; 1.00; 1.00; 5.00 
2023-11-27 14:27:51:310;3.52; 0.00; 0.000; 3.55; 3.45; 3.46; 0.00; 0.00; 0.00; 0.00; 0.00; 3.46; 0.00; 60.00; 1.00; 0.00; 0.000; 291.01; 0.00; 1.820; 0.00; 65535.00; 40.00; 5.00; 0.00; 255.00; 255.00; 250.00; 0.00; 0.00; 1.00; 0.00; 813645.37; 155635.75; 145209524224.00; 1.00; 0.00; 0.00; 1.00; 0.00; 0.00; 1.00; 0.00; 0.00; 0.00; 0.00; 0.00; 1.00; 0.00; 0.00; 0.00; 0.96; 0.00; 0.00; 0.00; 3.56; 0.00; 333.33; 3.33; 1.00; 1.00; 5.00 
2023-11-27 14:27:51:430;3.52; 0.00; 0.000; 3.55; 3.46; 3.47; 0.00; 0.00; 0.00; 0.00; 0.00; 3.47; 0.00; 60.00; 1.00; 0.00; 0.000; 291.01; 0.00; 1.820; 0.00; 65535.00; 40.00; 5.00; 0.00; 255.00; 255.00; 250.00; 0.00; 0.00; 1.00; 0.00; 813645.37; 155635.75; 145209524224.00; 1.00; 0.00; 0.00; 1.00; 0.00; 0.00; 1.00; 0.00; 0.00; 0.00; 0.00; 0.00; 1.00; 0.00; 0.00; 0.00; 0.96; 0.00; 0.00; 0.00; 3.56; 0.00; 333.33; 3.33; 1.00; 1.00; 5.00 
2023-11-27 14:27:51:550;3.51; 0.00; 0.000; 3.54; 3.45; 3.45; 0.00; 0.00; 0.00; 0.00; 0.00; 3.45; 0.00; 60.00; 1.00; 0.00; 0.000; 291.01; 0.00; 1.820; 0.00; 65535.00; 40.00; 5.00; 0.00; 255.00; 255.00; 250.00; 0.00; 0.00; 1.00; 0.00; 813645.37; 155635.75; 145209524224.00; 1.00; 0.00; 0.00; 1.00; 0.00; 0.00; 1.00; 0.00; 0.00; 0.00; 0.00; 0.00; 1.00; 0.00; 0.00; 0.00; 0.96; 0.00; 0.00; 0.00; 3.56; 0.00; 333.33; 3.33; 1.00; 1.00; 5.00 
2023-11-27 14:27:51:670;3.50; 0.00; 0.000; 3.55; 3.46; 3.46; 0.00; 0.00; 0.00; 0.00; 0.00; 3.46; 0.00; 60.00; 1.00; 0.00; 0.000; 291.01; 0.00; 1.820; 0.00; 65535.00; 40.00; 5.00; 0.00; 255.00; 255.00; 250.00; 0.00; 0.00; 1.00; 0.00; 813645.37; 155635.75; 145209524224.00; 1.00; 0.00; 0.00; 1.00; 0.00; 0.00; 1.00; 0.00; 0.00; 0.00; 0.00; 0.00; 1.00; 0.00; 0.00; 0.00; 0.96; 0.00; 0.00; 0.00; 3.55; 0.00; 333.33; 3.33; 1.00; 1.00; 5.00 
2023-11-27 14:27:51:790;3.50; 0.00; 0.000; 3.55; 3.46; 3.46; 0.00; 0.00; 0.00; 0.00; 0.00; 3.47; 0.00; 60.00; 1.00; 0.00; 0.000; 291.01; 0.00; 1.820; 0.00; 65535.00; 40.00; 5.00; 0.00; 255.00; 255.00; 250.00; 0.00; 0.00; 1.00; 0.00; 813645.81; 155635.75; 145209524224.00; 1.00; 0.00; 0.00; 1.00; 0.00; 0.00; 1.00; 0.00; 0.00; 0.00; 0.00; 0.00; 1.00; 0.00; 0.00; 0.00; 0.96; 0.00; 0.00; 0.00; 3.56; 0.00; 333.33; 3.33; 1.00; 1.00; 5.00 
2023-11-27 14:27:51:910;3.49; 0.00; 0.000; 3.55; 3.45; 3.46; 0.00; 0.00; 0.00; 0.00; 0.00; 3.46; 0.00; 60.00; 1.00; 0.00; 0.000; 291.01; 0.00; 1.820; 0.00; 65535.00; 40.00; 5.00; 0.00; 255.00; 255.00; 250.00; 0.00; 0.00; 1.00; 0.00; 813645.81; 155635.75; 145209524224.00; 1.00; 0.00; 0.00; 1.00; 0.00; 0.00; 1.00; 0.00; 0.00; 0.00; 0.00; 0.00; 1.00; 0.00; 0.00; 0.00; 0.96; 0.00; 0.00; 0.00; 3.55; 0.00; 333.33; 3.33; 1.00; 1.00; 5.00 
2023-11-27 14:27:52:030;3.49; 0.00; 0.000; 3.54; 3.44; 3.44; 0.00; 0.00; 0.00; 0.00; 0.00; 3.44; 0.00; 60.00; 1.00; 0.00; 0.000; 291.01; 0.00; 1.820; 0.00; 65535.00; 40.00; 5.00; 0.00; 255.00; 255.00; 250.00; 0.00; 0.00; 1.00; 0.00; 813645.81; 155635.75; 145209524224.00; 1.00; 0.00; 0.00; 1.00; 0.00; 0.00; 1.00; 0.00; 0.00; 0.00; 0.00; 0.00; 1.00; 0.00; 0.00; 0.00; 0.96; 0.00; 0.00; 0.00; 3.55; 0.00; 333.33; 3.33; 1.00; 1.00; 5.00 
2023-11-27 14:27:52:150;3.49; 0.00; 0.000; 3.55; 3.46; 3.47; 0.00; 0.00; 0.00; 0.00; 0.00; 3.48; 0.00; 60.00; 1.00; 0.00; 0.000; 291.01; 0.00; 1.820; 0.00; 65535.00; 40.00; 5.00; 0.00; 255.00; 255.00; 250.00; 0.00; 0.00; 1.00; 0.00; 813645.81; 155635.75; 145209524224.00; 1.00; 0.00; 0.00; 1.00; 0.00; 0.00; 1.00; 0.00; 0.00; 0.00; 0.00; 0.00; 1.00; 0.00; 0.00; 0.00; 0.96; 0.00; 0.00; 0.00; 3.55; 0.00; 333.33; 2.92; 1.00; 1.00; 5.00 
2023-11-27 14:27:52:270;3.49; 0.00; 0.000; 3.55; 3.45; 3.45; 0.00; 0.00; 0.00; 0.00; 0.00; 3.46; 0.00; 60.00; 1.00; 0.00; 0.000; 291.01; 0.00; 1.820; 0.00; 65535.00; 40.00; 5.00; 0.00; 255.00; 255.00; 250.00; 0.00; 0.00; 1.00; 0.00; 813646.19; 155635.75; 145209524224.00; 1.00; 0.00; 0.00; 1.00; 0.00; 0.00; 1.00; 0.00; 0.00; 0.00; 0.00; 0.00; 1.00; 0.00; 0.00; 0.00; 0.96; 0.00; 0.00; 0.00; 3.55; 0.00; 333.33; 3.33; 1.00; 1.00; 5.00 
2023-11-27 14:27:52:390;3.48; 0.00; 0.000; 3.55; 3.45; 3.45; 0.00; 0.00; 0.00; 0.00; 0.00; 3.45; 0.00; 60.00; 1.00; 0.00; 0.000; 291.01; 0.00; 1.820; 0.00; 65535.00; 40.00; 5.00; 0.00; 255.00; 255.00; 250.00; 0.00; 0.00; 1.00; 0.00; 813646.19; 155635.75; 145209524224.00; 1.00; 0.00; 0.00; 1.00; 0.00; 0.00; 1.00; 0.00; 0.00; 0.00; 0.00; 0.00; 1.00; 0.00; 0.00; 0.00; 0.96; 0.00; 0.00; 0.00; 3.55; 0.00; 333.33; 2.92; 1.00; 1.00; 5.00 
2023-11-27 14:27:52:510;3.48; 0.00; 0.000; 3.55; 3.47; 3.47; 0.00; 0.00; 0.00; 0.00; 0.00; 3.47; 0.00; 60.00; 1.00; 0.00; 0.000; 291.01; 0.00; 1.820; 0.00; 65535.00; 40.00; 5.00; 0.00; 255.00; 255.00; 250.00; 0.00; 0.00; 1.00; 0.00; 813646.19; 155635.75; 145209524224.00; 1.00; 0.00; 0.00; 1.00; 0.00; 0.00; 1.00; 0.00; 0.00; 0.00; 0.00; 0.00; 1.00; 0.00; 0.00; 0.00; 0.96; 0.00; 0.00; 0.00; 3.55; 0.00; 333.33; 3.33; 1.00; 1.00; 5.00 
2023-11-27 14:27:52:630;3.48; 0.00; 0.000; 3.54; 3.44; 3.44; 0.00; 0.00; 0.00; 0.00; 0.00; 3.45; 0.00; 60.00; 1.00; 0.00; 0.000; 291.01; 0.00; 1.820; 0.00; 65535.00; 40.00; 5.00; 0.00; 255.00; 255.00; 250.00; 0.00; 0.00; 1.00; 0.00; 813646.19; 155635.75; 145209524224.00; 1.00; 0.00; 0.00; 1.00; 0.00; 0.00; 1.00; 0.00; 0.00; 0.00; 0.00; 0.00; 1.00; 0.00; 0.00; 0.00; 0.96; 0.00; 0.00; 0.00; 3.55; 0.00; 333.33; 3.33; 1.00; 1.00; 5.00 
2023-11-27 14:27:52:750;3.47; 0.00; 0.000; 3.55; 3.46; 3.46; 0.00; 0.00; 0.00; 0.00; 0.00; 3.47; 0.00; 60.00; 1.00; 0.00; 0.000; 291.01; 0.00; 1.820; 0.00; 65535.00; 40.00; 5.00; 0.00; 255.00; 255.00; 250.00; 0.00; 0.00; 1.00; 0.00; 813646.69; 155635.75; 145209524224.00; 1.00; 0.00; 0.00; 1.00; 0.00; 0.00; 1.00; 0.00; 0.00; 0.00; 0.00; 0.00; 1.00; 0.00; 0.00; 0.00; 0.96; 0.00; 0.00; 0.00; 3.55; 0.00; 333.33; 3.33; 1.00; 1.00; 5.00 
2023-11-27 14:27:52:870;3.47; 0.00; 0.000; 3.54; 3.45; 3.46; 0.00; 0.00; 0.00; 0.00; 0.00; 3.46; 0.00; 60.00; 1.00; 0.00; 0.000; 291.01; 0.00; 1.820; 0.00; 65535.00; 40.00; 5.00; 0.00; 255.00; 255.00; 250.00; 0.00; 0.00; 1.00; 0.00; 813646.69; 155635.75; 145209524224.00; 1.00; 0.00; 0.00; 1.00; 0.00; 0.00; 1.00; 0.00; 0.00; 0.00; 0.00; 0.00; 1.00; 0.00; 0.00; 0.00; 0.96; 0.00; 0.00; 0.00; 3.55; 0.00; 333.33; 3.33; 1.00; 1.00; 5.00 
2023-11-27 14:27:52:990;3.47; 0.00; 0.000; 3.55; 3.45; 3.46; 0.00; 0.00; 0.00; 0.00; 0.00; 3.47; 0.00; 60.00; 1.00; 0.00; 0.000; 291.01; 0.00; 1.820; 0.00; 65535.00; 40.00; 5.00; 0.00; 255.00; 255.00; 250.00; 0.00; 0.00; 1.00; 0.00; 813646.69; 155635.75; 145209524224.00; 1.00; 0.00; 0.00; 1.00; 0.00; 0.00; 1.00; 0.00; 0.00; 0.00; 0.00; 0.00; 1.00; 0.00; 0.00; 0.00; 0.96; 0.00; 0.00; 0.00; 3.55; 0.00; 333.33; 3.33; 1.00; 1.00; 5.00 
2023-11-27 14:27:53:110;3.46; 0.00; 0.000; 3.55; 3.46; 3.46; 0.00; 0.00; 0.00; 0.00; 0.00; 3.47; 0.00; 60.00; 1.00; 0.00; 0.000; 291.01; 0.00; 1.820; 0.00; 65535.00; 40.00; 5.00; 0.00; 255.00; 255.00; 250.00; 0.00; 0.00; 1.00; 0.00; 813646.69; 155635.75; 145209524224.00; 1.00; 0.00; 0.00; 1.00; 0.00; 0.00; 1.00; 0.00; 0.00; 0.00; 0.00; 0.00; 1.00; 0.00; 0.00; 0.00; 0.96; 0.00; 0.00; 0.00; 3.55; 0.00; 333.33; 3.33; 1.00; 1.00; 5.00 
2023-11-27 14:27:53:230;3.46; 0.00; 0.000; 3.54; 3.45; 3.45; 0.00; 0.00; 0.00; 0.00; 0.00; 3.45; 0.00; 60.00; 1.00; 0.00; 0.000; 291.01; 0.00; 1.820; 0.00; 65535.00; 40.00; 5.00; 0.00; 255.00; 255.00; 250.00; 0.00; 0.00; 1.00; 0.00; 813646.69; 155635.75; 145209524224.00; 1.00; 0.00; 0.00; 1.00; 0.00; 0.00; 1.00; 0.00; 0.00; 0.00; 0.00; 0.00; 1.00; 0.00; 0.00; 0.00; 0.96; 0.00; 0.00; 0.00; 3.55; 0.00; 333.33; 3.33; 1.00; 1.00; 5.00 
2023-11-27 14:27:53:350;3.47; 0.00; 0.000; 3.55; 3.46; 3.46; 0.00; 0.00; 0.00; 0.00; 0.00; 3.47; 0.00; 60.00; 1.00; 0.00; 0.000; 291.01; 0.00; 1.820; 0.00; 65535.00; 40.00; 5.00; 0.00; 255.00; 255.00; 250.00; 0.00; 0.00; 1.00; 0.00; 813647.12; 155635.75; 145209524224.00; 1.00; 0.00; 0.00; 1.00; 0.00; 0.00; 1.00; 0.00; 0.00; 0.00; 0.00; 0.00; 1.00; 0.00; 0.00; 0.00; 0.96; 0.00; 0.00; 0.00; 3.55; 0.00; 333.33; 3.33; 1.00; 1.00; 5.00 
2023-11-27 14:27:53:470;3.47; 0.00; 0.000; 3.54; 3.44; 3.45; 0.00; 0.00; 0.00; 0.00; 0.00; 3.46; 0.00; 60.00; 1.00; 0.00; 0.000; 291.01; 0.00; 1.820; 0.00; 65535.00; 40.00; 5.00; 0.00; 255.00; 255.00; 250.00; 0.00; 0.00; 1.00; 0.00; 813647.12; 155635.75; 145209524224.00; 1.00; 0.00; 0.00; 1.00; 0.00; 0.00; 1.00; 0.00; 0.00; 0.00; 0.00; 0.00; 1.00; 0.00; 0.00; 0.00; 0.96; 0.00; 0.00; 0.00; 3.55; 0.00; 333.33; 3.33; 1.00; 1.00; 5.00 
2023-11-27 14:27:53:590;3.47; 0.00; 0.000; 3.55; 3.46; 3.47; 0.00; 0.00; 0.00; 0.00; 0.00; 3.48; 0.00; 60.00; 1.00; 0.00; 0.000; 291.01; 0.00; 1.820; 0.00; 65535.00; 40.00; 5.00; 0.00; 255.00; 255.00; 250.00; 0.00; 0.00; 1.00; 0.00; 813647.12; 155635.75; 145209524224.00; 1.00; 0.00; 0.00; 1.00; 0.00; 0.00; 1.00; 0.00; 0.00; 0.00; 0.00; 0.00; 1.00; 0.00; 0.00; 0.00; 0.96; 0.00; 0.00; 0.00; 3.55; 0.00; 333.33; 3.33; 1.00; 1.00; 5.00 
2023-11-27 14:27:53:710;3.47; 0.00; 0.000; 3.55; 3.45; 3.45; 0.00; 0.00; 0.00; 0.00; 0.00; 3.45; 0.00; 60.00; 1.00; 0.00; 0.000; 291.01; 0.00; 1.820; 0.00; 65535.00; 40.00; 5.00; 0.00; 255.00; 255.00; 250.00; 0.00; 0.00; 1.00; 0.00; 813647.12; 155635.75; 145209524224.00; 1.00; 0.00; 0.00; 1.00; 0.00; 0.00; 1.00; 0.00; 0.00; 0.00; 0.00; 0.00; 1.00; 0.00; 0.00; 0.00; 0.96; 0.00; 0.00; 0.00; 3.55; 0.00; 333.33; 3.33; 1.00; 1.00; 5.00 
2023-11-27 14:27:53:830;3.48; 0.00; 0.000; 3.55; 3.47; 3.47; 0.00; 0.00; 0.00; 0.00; 0.00; 3.48; 0.00; 60.00; 1.00; 0.00; 0.000; 291.01; 0.00; 1.820; 0.00; 65535.00; 40.00; 5.00; 0.00; 255.00; 255.00; 250.00; 0.00; 0.00; 1.00; 0.00; 813647.50; 155635.75; 145209524224.00; 1.00; 0.00; 0.00; 1.00; 0.00; 0.00; 1.00; 0.00; 0.00; 0.00; 0.00; 0.00; 1.00; 0.00; 0.00; 0.00; 0.96; 0.00; 0.00; 0.00; 3.55; 0.00; 333.33; 3.33; 1.00; 1.00; 5.00 
2023-11-27 14:27:53:950;3.47; 0.00; 0.000; 3.55; 3.46; 3.45; 0.00; 0.00; 0.00; 0.00; 0.00; 3.46; 0.00; 60.00; 1.00; 0.00; 0.000; 291.01; 0.00; 1.820; 0.00; 65535.00; 40.00; 5.00; 0.00; 255.00; 255.00; 250.00; 0.00; 0.00; 1.00; 0.00; 813647.50; 155635.75; 145209524224.00; 1.00; 0.00; 0.00; 1.00; 0.00; 0.00; 1.00; 0.00; 0.00; 0.00; 0.00; 0.00; 1.00; 0.00; 0.00; 0.00; 0.96; 0.00; 0.00; 0.00; 3.55; 0.00; 333.33; 3.33; 1.00; 1.00; 5.00 
2023-11-27 14:27:54:070;3.48; 0.00; 0.000; 3.54; 3.44; 3.44; 0.00; 0.00; 0.00; 0.00; 0.00; 3.45; 0.00; 60.00; 1.00; 0.00; 0.000; 291.01; 0.00; 1.820; 0.00; 65535.00; 40.00; 5.00; 0.00; 255.00; 255.00; 250.00; 0.00; 0.00; 1.00; 0.00; 813647.50; 155635.75; 145209524224.00; 1.00; 0.00; 0.00; 1.00; 0.00; 0.00; 1.00; 0.00; 0.00; 0.00; 0.00; 0.00; 1.00; 0.00; 0.00; 0.00; 0.96; 0.00; 0.00; 0.00; 3.55; 0.00; 333.33; 3.33; 1.00; 1.00; 5.00 
2023-11-27 14:27:54:190;3.48; 0.00; 0.000; 3.56; 3.48; 3.49; 0.00; 0.00; 0.00; 0.00; 0.00; 3.50; 0.00; 60.00; 1.00; 0.00; 0.000; 291.01; 0.00; 1.820; 0.00; 65535.00; 40.00; 5.00; 0.00; 255.00; 255.00; 250.00; 0.00; 0.00; 1.00; 0.00; 813647.50; 155635.75; 145209524224.00; 1.00; 0.00; 0.00; 1.00; 0.00; 0.00; 1.00; 0.00; 0.00; 0.00; 0.00; 0.00; 1.00; 0.00; 0.00; 0.00; 0.96; 0.00; 0.00; 0.00; 3.55; 0.00; 333.33; 3.33; 1.00; 1.00; 5.00 
2023-11-27 14:27:54:310;3.48; 0.00; 0.000; 3.55; 3.45; 3.45; 0.00; 0.00; 0.00; 0.00; 0.00; 3.46; 0.00; 60.00; 1.00; 0.00; 0.000; 291.01; 0.00; 1.820; 0.00; 65535.00; 40.00; 5.00; 0.00; 255.00; 255.00; 250.00; 0.00; 0.00; 1.00; 0.00; 813647.87; 155635.75; 145209524224.00; 1.00; 0.00; 0.00; 1.00; 0.00; 0.00; 1.00; 0.00; 0.00; 0.00; 0.00; 0.00; 1.00; 0.00; 0.00; 0.00; 0.96; 0.00; 0.00; 0.00; 3.56; 0.00; 333.33; 3.33; 1.00; 1.00; 5.00 
2023-11-27 14:27:54:430;3.49; 0.00; 0.000; 3.55; 3.45; 3.45; 0.00; 0.00; 0.00; 0.00; 0.00; 3.46; 0.00; 60.00; 1.00; 0.00; 0.000; 291.01; 0.00; 1.820; 0.00; 65535.00; 40.00; 5.00; 0.00; 255.00; 255.00; 250.00; 0.00; 0.00; 1.00; 0.00; 813647.87; 155635.75; 145209524224.00; 1.00; 0.00; 0.00; 1.00; 0.00; 0.00; 1.00; 0.00; 0.00; 0.00; 0.00; 0.00; 1.00; 0.00; 0.00; 0.00; 0.96; 0.00; 0.00; 0.00; 3.55; 0.00; 333.33; 2.92; 1.00; 1.00; 5.00 
2023-11-27 14:27:54:550;3.50; 0.00; 0.000; 3.55; 3.47; 3.47; 0.00; 0.00; 0.00; 0.00; 0.00; 3.48; 0.00; 60.00; 1.00; 0.00; 0.000; 291.01; 0.00; 1.820; 0.00; 65535.00; 40.00; 5.00; 0.00; 255.00; 255.00; 250.00; 0.00; 0.00; 1.00; 0.00; 813647.87; 155635.75; 145209524224.00; 1.00; 0.00; 0.00; 1.00; 0.00; 0.00; 1.00; 0.00; 0.00; 0.00; 0.00; 0.00; 1.00; 0.00; 0.00; 0.00; 0.96; 0.00; 0.00; 0.00; 3.55; 0.00; 333.33; 3.33; 1.00; 1.00; 5.00 
2023-11-27 14:27:54:670;3.51; 0.00; 0.000; 3.55; 3.45; 3.45; 0.00; 0.00; 0.00; 0.00; 0.00; 3.45; 0.00; 60.00; 1.00; 0.00; 0.000; 291.01; 0.00; 1.820; 0.00; 65535.00; 40.00; 5.00; 0.00; 255.00; 255.00; 250.00; 0.00; 0.00; 1.00; 0.00; 813647.87; 155635.75; 145209524224.00; 1.00; 0.00; 0.00; 1.00; 0.00; 0.00; 1.00; 0.00; 0.00; 0.00; 0.00; 0.00; 1.00; 0.00; 0.00; 0.00; 0.96; 0.00; 0.00; 0.00; 3.55; 0.00; 333.33; 2.92; 1.00; 1.00; 5.00 
2023-11-27 14:27:54:790;3.51; 0.00; 0.000; 3.55; 3.47; 3.47; 0.00; 0.00; 0.00; 0.00; 0.00; 3.47; 0.00; 60.00; 1.00; 0.00; 0.000; 291.01; 0.00; 1.820; 0.00; 65535.00; 40.00; 5.00; 0.00; 255.00; 255.00; 250.00; 0.00; 0.00; 1.00; 0.00; 813648.31; 155635.75; 145209524224.00; 1.00; 0.00; 0.00; 1.00; 0.00; 0.00; 1.00; 0.00; 0.00; 0.00; 0.00; 0.00; 1.00; 0.00; 0.00; 0.00; 0.96; 0.00; 0.00; 0.00; 3.55; 0.00; 333.33; 3.33; 1.00; 1.00; 5.00 
2023-11-27 14:27:54:910;3.52; 0.00; 0.000; 3.54; 3.45; 3.45; 0.00; 0.00; 0.00; 0.00; 0.00; 3.45; 0.00; 60.00; 1.00; 0.00; 0.000; 291.01; 0.00; 1.820; 0.00; 65535.00; 40.00; 5.00; 0.00; 255.00; 255.00; 250.00; 0.00; 0.00; 1.00; 0.00; 813648.31; 155635.75; 145209524224.00; 1.00; 0.00; 0.00; 1.00; 0.00; 0.00; 1.00; 0.00; 0.00; 0.00; 0.00; 0.00; 1.00; 0.00; 0.00; 0.00; 0.96; 0.00; 0.00; 0.00; 3.55; 0.00; 333.33; 3.33; 1.00; 1.00; 5.00 
2023-11-27 14:27:55:030;3.52; 0.00; 0.000; 3.55; 3.46; 3.46; 0.00; 0.00; 0.00; 0.00; 0.00; 3.47; 0.00; 60.00; 1.00; 0.00; 0.000; 291.01; 0.00; 1.820; 0.00; 65535.00; 40.00; 5.00; 0.00; 255.00; 255.00; 250.00; 0.00; 0.00; 1.00; 0.00; 813648.31; 155635.75; 145209524224.00; 1.00; 0.00; 0.00; 1.00; 0.00; 0.00; 1.00; 0.00; 0.00; 0.00; 0.00; 0.00; 1.00; 0.00; 0.00; 0.00; 0.96; 0.00; 0.00; 0.00; 3.55; 0.00; 333.33; 3.33; 1.00; 1.00; 5.00 
2023-11-27 14:27:55:150;3.52; 0.00; 0.000; 3.55; 3.46; 3.46; 0.00; 0.00; 0.00; 0.00; 0.00; 3.48; 0.00; 60.00; 1.00; 0.00; 0.000; 291.01; 0.00; 1.820; 0.00; 65535.00; 40.00; 5.00; 0.00; 255.00; 255.00; 250.00; 0.00; 0.00; 1.00; 0.00; 813648.31; 155635.75; 145209524224.00; 1.00; 0.00; 0.00; 1.00; 0.00; 0.00; 1.00; 0.00; 0.00; 0.00; 0.00; 0.00; 1.00; 0.00; 0.00; 0.00; 0.96; 0.00; 0.00; 0.00; 3.56; 0.00; 333.33; 3.33; 1.00; 1.00; 5.00 
2023-11-27 14:27:55:270;3.52; 0.00; 0.000; 3.54; 3.44; 3.44; 0.00; 0.00; 0.00; 0.00; 0.00; 3.45; 0.00; 60.00; 1.00; 0.00; 0.000; 291.01; 0.00; 1.820; 0.00; 65535.00; 40.00; 5.00; 0.00; 255.00; 255.00; 250.00; 0.00; 0.00; 1.00; 0.00; 813648.69; 155635.75; 145209524224.00; 1.00; 0.00; 0.00; 1.00; 0.00; 0.00; 1.00; 0.00; 0.00; 0.00; 0.00; 0.00; 1.00; 0.00; 0.00; 0.00; 0.96; 0.00; 0.00; 0.00; 3.55; 0.00; 333.33; 3.33; 1.00; 1.00; 5.00 
2023-11-27 14:27:55:390;3.52; 0.00; 0.000; 3.55; 3.46; 3.45; 0.00; 0.00; 0.00; 0.00; 0.00; 3.46; 0.00; 60.00; 1.00; 0.00; 0.000; 291.01; 0.00; 1.820; 0.00; 65535.00; 40.00; 5.00; 0.00; 255.00; 255.00; 250.00; 0.00; 0.00; 1.00; 0.00; 813648.69; 155635.75; 145209524224.00; 1.00; 0.00; 0.00; 1.00; 0.00; 0.00; 1.00; 0.00; 0.00; 0.00; 0.00; 0.00; 1.00; 0.00; 0.00; 0.00; 0.96; 0.00; 0.00; 0.00; 3.55; 0.00; 333.33; 3.33; 1.00; 1.00; 5.00 
2023-11-27 14:27:55:510;3.52; 0.00; 0.000; 3.55; 3.46; 3.46; 0.00; 0.00; 0.00; 0.00; 0.00; 3.47; 0.00; 60.00; 1.00; 0.00; 0.000; 291.01; 0.00; 1.820; 0.00; 65535.00; 40.00; 5.00; 0.00; 255.00; 255.00; 250.00; 0.00; 0.00; 1.00; 0.00; 813648.69; 155635.75; 145209524224.00; 1.00; 0.00; 0.00; 1.00; 0.00; 0.00; 1.00; 0.00; 0.00; 0.00; 0.00; 0.00; 1.00; 0.00; 0.00; 0.00; 0.96; 0.00; 0.00; 0.00; 3.55; 0.00; 333.33; 3.33; 1.00; 1.00; 5.00 
2023-11-27 14:27:55:630;3.53; 0.00; 0.000; 3.55; 3.46; 3.47; 0.00; 0.00; 0.00; 0.00; 0.00; 3.47; 0.00; 60.00; 1.00; 0.00; 0.000; 291.01; 0.00; 1.820; 0.00; 65535.00; 40.00; 5.00; 0.00; 255.00; 255.00; 250.00; 0.00; 0.00; 1.00; 0.00; 813648.69; 155635.75; 145209524224.00; 1.00; 0.00; 0.00; 1.00; 0.00; 0.00; 1.00; 0.00; 0.00; 0.00; 0.00; 0.00; 1.00; 0.00; 0.00; 0.00; 0.96; 0.00; 0.00; 0.00; 3.55; 0.00; 333.33; 3.33; 1.00; 1.00; 5.00 
2023-11-27 14:27:55:750;3.53; 0.00; 0.000; 3.55; 3.45; 3.46; 0.00; 0.00; 0.00; 0.00; 0.00; 3.46; 0.00; 60.00; 1.00; 0.00; 0.000; 291.01; 0.00; 1.820; 0.00; 65535.00; 40.00; 5.00; 0.00; 255.00; 255.00; 250.00; 0.00; 0.00; 1.00; 0.00; 813649.19; 155635.75; 145209524224.00; 1.00; 0.00; 0.00; 1.00; 0.00; 0.00; 1.00; 0.00; 0.00; 0.00; 0.00; 0.00; 1.00; 0.00; 0.00; 0.00; 0.96; 0.00; 0.00; 0.00; 3.55; 0.00; 333.33; 3.33; 1.00; 1.00; 5.00 
2023-11-27 14:27:55:870;3.52; 0.00; 0.000; 3.55; 3.47; 3.47; 0.00; 0.00; 0.00; 0.00; 0.00; 3.48; 0.00; 60.00; 1.00; 0.00; 0.000; 291.01; 0.00; 1.820; 0.00; 65535.00; 40.00; 5.00; 0.00; 255.00; 255.00; 250.00; 0.00; 0.00; 1.00; 0.00; 813649.19; 155635.75; 145209524224.00; 1.00; 0.00; 0.00; 1.00; 0.00; 0.00; 1.00; 0.00; 0.00; 0.00; 0.00; 0.00; 1.00; 0.00; 0.00; 0.00; 0.96; 0.00; 0.00; 0.00; 3.55; 0.00; 333.33; 3.33; 1.00; 1.00; 5.00 
2023-11-27 14:27:55:990;3.53; 0.00; 0.000; 3.54; 3.44; 3.44; 0.00; 0.00; 0.00; 0.00; 0.00; 3.45; 0.00; 60.00; 1.00; 0.00; 0.000; 291.01; 0.00; 1.820; 0.00; 65535.00; 40.00; 5.00; 0.00; 255.00; 255.00; 250.00; 0.00; 0.00; 1.00; 0.00; 813649.19; 155635.75; 145209524224.00; 1.00; 0.00; 0.00; 1.00; 0.00; 0.00; 1.00; 0.00; 0.00; 0.00; 0.00; 0.00; 1.00; 0.00; 0.00; 0.00; 0.96; 0.00; 0.00; 0.00; 3.55; 0.00; 333.33; 3.33; 1.00; 1.00; 5.00 
2023-11-27 14:27:56:110;3.53; 0.00; 0.000; 3.55; 3.47; 3.47; 0.00; 0.00; 0.00; 0.00; 0.00; 3.49; 0.00; 60.00; 1.00; 0.00; 0.000; 291.01; 0.00; 1.820; 0.00; 65535.00; 40.00; 5.00; 0.00; 255.00; 255.00; 250.00; 0.00; 0.00; 1.00; 0.00; 813649.19; 155635.75; 145209524224.00; 1.00; 0.00; 0.00; 1.00; 0.00; 0.00; 1.00; 0.00; 0.00; 0.00; 0.00; 0.00; 1.00; 0.00; 0.00; 0.00; 0.96; 0.00; 0.00; 0.00; 3.55; 0.00; 333.33; 3.33; 1.00; 1.00; 5.00 
2023-11-27 14:27:56:230;3.54; 0.00; 0.000; 3.54; 3.45; 3.44; 0.00; 0.00; 0.00; 0.00; 0.00; 3.45; 0.00; 60.00; 1.00; 0.00; 0.000; 291.01; 0.00; 1.820; 0.00; 65535.00; 40.00; 5.00; 0.00; 255.00; 255.00; 250.00; 0.00; 0.00; 1.00; 0.00; 813649.19; 155635.75; 145209524224.00; 1.00; 0.00; 0.00; 1.00; 0.00; 0.00; 1.00; 0.00; 0.00; 0.00; 0.00; 0.00; 1.00; 0.00; 0.00; 0.00; 0.96; 0.00; 0.00; 0.00; 3.55; 0.00; 333.33; 3.33; 1.00; 1.00; 5.00 
2023-11-27 14:27:56:350;3.54; 0.00; 0.000; 3.55; 3.45; 3.46; 0.00; 0.00; 0.00; 0.00; 0.00; 3.46; 0.00; 60.00; 1.00; 0.00; 0.000; 291.01; 0.00; 1.820; 0.00; 65535.00; 40.00; 5.00; 0.00; 255.00; 255.00; 250.00; 0.00; 0.00; 1.00; 0.00; 813649.62; 155635.75; 145209524224.00; 1.00; 0.00; 0.00; 1.00; 0.00; 0.00; 1.00; 0.00; 0.00; 0.00; 0.00; 0.00; 1.00; 0.00; 0.00; 0.00; 0.96; 0.00; 0.00; 0.00; 3.55; 0.00; 333.33; 3.33; 1.00; 1.00; 5.00 
2023-11-27 14:27:56:470;3.54; 0.00; 0.000; 3.55; 3.46; 3.46; 0.00; 0.00; 0.00; 0.00; 0.00; 3.47; 0.00; 60.00; 1.00; 0.00; 0.000; 291.01; 0.00; 1.820; 0.00; 65535.00; 40.00; 5.00; 0.00; 255.00; 255.00; 250.00; 0.00; 0.00; 1.00; 0.00; 813649.62; 155635.75; 145209524224.00; 1.00; 0.00; 0.00; 1.00; 0.00; 0.00; 1.00; 0.00; 0.00; 0.00; 0.00; 0.00; 1.00; 0.00; 0.00; 0.00; 0.96; 0.00; 0.00; 0.00; 3.55; 0.00; 333.33; 3.33; 1.00; 1.00; 5.00 
2023-11-27 14:27:56:590;3.52; 0.00; 0.000; 3.55; 3.45; 3.45; 0.00; 0.00; 0.00; 0.00; 0.00; 3.45; 0.00; 60.00; 1.00; 0.00; 0.000; 291.01; 0.00; 1.820; 0.00; 65535.00; 40.00; 5.00; 0.00; 255.00; 255.00; 250.00; 0.00; 0.00; 1.00; 0.00; 813649.62; 155635.75; 145209524224.00; 1.00; 0.00; 0.00; 1.00; 0.00; 0.00; 1.00; 0.00; 0.00; 0.00; 0.00; 0.00; 1.00; 0.00; 0.00; 0.00; 0.96; 0.00; 0.00; 0.00; 3.55; 0.00; 333.33; 3.33; 1.00; 1.00; 5.00 
2023-11-27 14:27:56:710;3.52; 0.00; 0.000; 3.55; 3.46; 3.46; 0.00; 0.00; 0.00; 0.00; 0.00; 3.46; 0.00; 60.00; 1.00; 0.00; 0.000; 291.01; 0.00; 1.820; 0.00; 65535.00; 40.00; 5.00; 0.00; 255.00; 255.00; 250.00; 0.00; 0.00; 1.00; 0.00; 813649.62; 155635.75; 145209524224.00; 1.00; 0.00; 0.00; 1.00; 0.00; 0.00; 1.00; 0.00; 0.00; 0.00; 0.00; 0.00; 1.00; 0.00; 0.00; 0.00; 0.96; 0.00; 0.00; 0.00; 3.55; 0.00; 333.33; 2.92; 1.00; 1.00; 5.00 
2023-11-27 14:27:56:830;3.52; 0.00; 0.000; 3.55; 3.46; 3.46; 0.00; 0.00; 0.00; 0.00; 0.00; 3.46; 0.00; 60.00; 1.00; 0.00; 0.000; 291.01; 0.00; 1.820; 0.00; 65535.00; 40.00; 5.00; 0.00; 255.00; 255.00; 250.00; 0.00; 0.00; 1.00; 0.00; 813650.00; 155635.75; 145209524224.00; 1.00; 0.00; 0.00; 1.00; 0.00; 0.00; 1.00; 0.00; 0.00; 0.00; 0.00; 0.00; 1.00; 0.00; 0.00; 0.00; 0.96; 0.00; 0.00; 0.00; 3.55; 0.00; 333.33; 3.33; 1.00; 1.00; 5.00 
2023-11-27 14:27:56:950;3.52; 0.00; 0.000; 3.55; 3.47; 3.47; 0.00; 0.00; 0.00; 0.00; 0.00; 3.47; 0.00; 60.00; 1.00; 0.00; 0.000; 291.01; 0.00; 1.820; 0.00; 65535.00; 40.00; 5.00; 0.00; 255.00; 255.00; 250.00; 0.00; 0.00; 1.00; 0.00; 813650.00; 155635.75; 145209524224.00; 1.00; 0.00; 0.00; 1.00; 0.00; 0.00; 1.00; 0.00; 0.00; 0.00; 0.00; 0.00; 1.00; 0.00; 0.00; 0.00; 0.96; 0.00; 0.00; 0.00; 3.55; 0.00; 333.33; 2.92; 1.00; 1.00; 5.00 
2023-11-27 14:27:57:070;3.52; 0.00; 0.000; 3.54; 3.45; 3.45; 0.00; 0.00; 0.00; 0.00; 0.00; 3.46; 0.00; 60.00; 1.00; 0.00; 0.000; 291.01; 0.00; 1.820; 0.00; 65535.00; 40.00; 5.00; 0.00; 255.00; 255.00; 250.00; 0.00; 0.00; 1.00; 0.00; 813650.00; 155635.75; 145209524224.00; 1.00; 0.00; 0.00; 1.00; 0.00; 0.00; 1.00; 0.00; 0.00; 0.00; 0.00; 0.00; 1.00; 0.00; 0.00; 0.00; 0.96; 0.00; 0.00; 0.00; 3.55; 0.00; 333.33; 3.33; 1.00; 1.00; 5.00 
2023-11-27 14:27:57:190;3.52; 0.00; 0.000; 3.54; 3.46; 3.47; 0.00; 0.00; 0.00; 0.00; 0.00; 3.47; 0.00; 60.00; 1.00; 0.00; 0.000; 291.01; 0.00; 1.820; 0.00; 65535.00; 40.00; 5.00; 0.00; 255.00; 255.00; 250.00; 0.00; 0.00; 1.00; 0.00; 813650.00; 155635.75; 145209524224.00; 1.00; 0.00; 0.00; 1.00; 0.00; 0.00; 1.00; 0.00; 0.00; 0.00; 0.00; 0.00; 1.00; 0.00; 0.00; 0.00; 0.96; 0.00; 0.00; 0.00; 3.55; 0.00; 333.33; 3.33; 1.00; 1.00; 5.00 
2023-11-27 14:27:57:310;3.52; 0.00; 0.000; 3.54; 3.43; 3.44; 0.00; 0.00; 0.00; 0.00; 0.00; 3.44; 0.00; 60.00; 1.00; 0.00; 0.000; 291.01; 0.00; 1.820; 0.00; 65535.00; 40.00; 5.00; 0.00; 255.00; 255.00; 250.00; 0.00; 0.00; 1.00; 0.00; 813650.37; 155635.75; 145209524224.00; 1.00; 0.00; 0.00; 1.00; 0.00; 0.00; 1.00; 0.00; 0.00; 0.00; 0.00; 0.00; 1.00; 0.00; 0.00; 0.00; 0.96; 0.00; 0.00; 0.00; 3.55; 0.00; 333.33; 3.33; 1.00; 1.00; 5.00 
2023-11-27 14:27:57:430;3.51; 0.00; 0.000; 3.55; 3.47; 3.47; 0.00; 0.00; 0.00; 0.00; 0.00; 3.48; 0.00; 60.00; 1.00; 0.00; 0.000; 291.01; 0.00; 1.820; 0.00; 65535.00; 40.00; 5.00; 0.00; 255.00; 255.00; 250.00; 0.00; 0.00; 1.00; 0.00; 813650.37; 155635.75; 145209524224.00; 1.00; 0.00; 0.00; 1.00; 0.00; 0.00; 1.00; 0.00; 0.00; 0.00; 0.00; 0.00; 1.00; 0.00; 0.00; 0.00; 0.96; 0.00; 0.00; 0.00; 3.55; 0.00; 333.33; 3.33; 1.00; 1.00; 5.00 
2023-11-27 14:27:57:550;3.52; 0.00; 0.000; 3.55; 3.44; 3.45; 0.00; 0.00; 0.00; 0.00; 0.00; 3.45; 0.00; 60.00; 1.00; 0.00; 0.000; 291.01; 0.00; 1.820; 0.00; 65535.00; 40.00; 5.00; 0.00; 255.00; 255.00; 250.00; 0.00; 0.00; 1.00; 0.00; 813650.37; 155635.75; 145209524224.00; 1.00; 0.00; 0.00; 1.00; 0.00; 0.00; 1.00; 0.00; 0.00; 0.00; 0.00; 0.00; 1.00; 0.00; 0.00; 0.00; 0.96; 0.00; 0.00; 0.00; 3.55; 0.00; 333.33; 3.33; 1.00; 1.00; 5.00 
2023-11-27 14:27:57:670;3.52; 0.00; 0.000; 3.56; 3.47; 3.47; 0.00; 0.00; 0.00; 0.00; 0.00; 3.47; 0.00; 60.00; 1.00; 0.00; 0.000; 291.01; 0.00; 1.820; 0.00; 65535.00; 40.00; 5.00; 0.00; 255.00; 255.00; 250.00; 0.00; 0.00; 1.00; 0.00; 813650.37; 155635.75; 145209524224.00; 1.00; 0.00; 0.00; 1.00; 0.00; 0.00; 1.00; 0.00; 0.00; 0.00; 0.00; 0.00; 1.00; 0.00; 0.00; 0.00; 0.96; 0.00; 0.00; 0.00; 3.56; 0.00; 333.33; 3.33; 1.00; 1.00; 5.00 
2023-11-27 14:27:57:790;3.52; 0.00; 0.000; 3.54; 3.46; 3.45; 0.00; 0.00; 0.00; 0.00; 0.00; 3.46; 0.00; 60.00; 1.00; 0.00; 0.000; 291.01; 0.00; 1.820; 0.00; 65535.00; 40.00; 5.00; 0.00; 255.00; 255.00; 250.00; 0.00; 0.00; 1.00; 0.00; 813650.81; 155635.75; 145209524224.00; 1.00; 0.00; 0.00; 1.00; 0.00; 0.00; 1.00; 0.00; 0.00; 0.00; 0.00; 0.00; 1.00; 0.00; 0.00; 0.00; 0.96; 0.00; 0.00; 0.00; 3.56; 0.00; 333.33; 3.33; 1.00; 1.00; 5.00 
2023-11-27 14:27:57:910;3.52; 0.00; 0.000; 3.55; 3.46; 3.46; 0.00; 0.00; 0.00; 0.00; 0.00; 3.47; 0.00; 60.00; 1.00; 0.00; 0.000; 291.01; 0.00; 1.820; 0.00; 65535.00; 40.00; 5.00; 0.00; 255.00; 255.00; 250.00; 0.00; 0.00; 1.00; 0.00; 813650.81; 155635.75; 145209524224.00; 1.00; 0.00; 0.00; 1.00; 0.00; 0.00; 1.00; 0.00; 0.00; 0.00; 0.00; 0.00; 1.00; 0.00; 0.00; 0.00; 0.96; 0.00; 0.00; 0.00; 3.56; 0.00; 333.33; 3.33; 1.00; 1.00; 5.00 
2023-11-27 14:27:58:030;3.52; 0.00; 0.000; 3.54; 3.45; 3.45; 0.00; 0.00; 0.00; 0.00; 0.00; 3.45; 0.00; 60.00; 1.00; 0.00; 0.000; 291.01; 0.00; 1.820; 0.00; 65535.00; 40.00; 5.00; 0.00; 255.00; 255.00; 250.00; 0.00; 0.00; 1.00; 0.00; 813650.81; 155635.75; 145209524224.00; 1.00; 0.00; 0.00; 1.00; 0.00; 0.00; 1.00; 0.00; 0.00; 0.00; 0.00; 0.00; 1.00; 0.00; 0.00; 0.00; 0.96; 0.00; 0.00; 0.00; 3.55; 0.00; 333.33; 3.33; 1.00; 1.00; 5.00 
2023-11-27 14:27:58:150;3.52; 0.00; 0.000; 3.56; 3.47; 3.47; 0.00; 0.00; 0.00; 0.00; 0.00; 3.48; 0.00; 60.00; 1.00; 0.00; 0.000; 291.01; 0.00; 1.820; 0.00; 65535.00; 40.00; 5.00; 0.00; 255.00; 255.00; 250.00; 0.00; 0.00; 1.00; 0.00; 813650.81; 155635.75; 145209524224.00; 1.00; 0.00; 0.00; 1.00; 0.00; 0.00; 1.00; 0.00; 0.00; 0.00; 0.00; 0.00; 1.00; 0.00; 0.00; 0.00; 0.96; 0.00; 0.00; 0.00; 3.55; 0.00; 333.33; 3.33; 1.00; 1.00; 5.00 
2023-11-27 14:27:58:270;3.52; 0.00; 0.000; 3.54; 3.46; 3.45; 0.00; 0.00; 0.00; 0.00; 0.00; 3.45; 0.00; 60.00; 1.00; 0.00; 0.000; 291.01; 0.00; 1.820; 0.00; 65535.00; 40.00; 5.00; 0.00; 255.00; 255.00; 250.00; 0.00; 0.00; 1.00; 0.00; 813651.19; 155635.75; 145209524224.00; 1.00; 0.00; 0.00; 1.00; 0.00; 0.00; 1.00; 0.00; 0.00; 0.00; 0.00; 0.00; 1.00; 0.00; 0.00; 0.00; 0.96; 0.00; 0.00; 0.00; 3.55; 0.00; 333.33; 3.33; 1.00; 1.00; 5.00 
2023-11-27 14:27:58:390;3.52; 0.00; 0.000; 3.55; 3.47; 3.46; 0.00; 0.00; 0.00; 0.00; 0.00; 3.47; 0.00; 60.00; 1.00; 0.00; 0.000; 291.01; 0.00; 1.820; 0.00; 65535.00; 40.00; 5.00; 0.00; 255.00; 255.00; 250.00; 0.00; 0.00; 1.00; 0.00; 813651.19; 155635.75; 145209524224.00; 1.00; 0.00; 0.00; 1.00; 0.00; 0.00; 1.00; 0.00; 0.00; 0.00; 0.00; 0.00; 1.00; 0.00; 0.00; 0.00; 0.96; 0.00; 0.00; 0.00; 3.55; 0.00; 333.33; 3.33; 1.00; 1.00; 5.00 
2023-11-27 14:27:58:510;3.52; 0.00; 0.000; 3.55; 3.45; 3.46; 0.00; 0.00; 0.00; 0.00; 0.00; 3.47; 0.00; 60.00; 1.00; 0.00; 0.000; 291.01; 0.00; 1.820; 0.00; 65535.00; 40.00; 5.00; 0.00; 255.00; 255.00; 250.00; 0.00; 0.00; 1.00; 0.00; 813651.19; 155635.75; 145209524224.00; 1.00; 0.00; 0.00; 1.00; 0.00; 0.00; 1.00; 0.00; 0.00; 0.00; 0.00; 0.00; 1.00; 0.00; 0.00; 0.00; 0.96; 0.00; 0.00; 0.00; 3.55; 0.00; 333.33; 3.33; 1.00; 1.00; 5.00 
2023-11-27 14:27:58:630;3.53; 0.00; 0.000; 3.54; 3.45; 3.44; 0.00; 0.00; 0.00; 0.00; 0.00; 3.45; 0.00; 60.00; 1.00; 0.00; 0.000; 291.01; 0.00; 1.820; 0.00; 65535.00; 40.00; 5.00; 0.00; 255.00; 255.00; 250.00; 0.00; 0.00; 1.00; 0.00; 813651.19; 155635.75; 145209524224.00; 1.00; 0.00; 0.00; 1.00; 0.00; 0.00; 1.00; 0.00; 0.00; 0.00; 0.00; 0.00; 1.00; 0.00; 0.00; 0.00; 0.96; 0.00; 0.00; 0.00; 3.55; 0.00; 333.33; 3.33; 1.00; 1.00; 5.00 
2023-11-27 14:27:58:750;3.54; 0.00; 0.000; 3.55; 3.46; 3.47; 0.00; 0.00; 0.00; 0.00; 0.00; 3.47; 0.00; 60.00; 1.00; 0.00; 0.000; 291.01; 0.00; 1.820; 0.00; 65535.00; 40.00; 5.00; 0.00; 255.00; 255.00; 250.00; 0.00; 0.00; 1.00; 0.00; 813651.69; 155635.75; 145209524224.00; 1.00; 0.00; 0.00; 1.00; 0.00; 0.00; 1.00; 0.00; 0.00; 0.00; 0.00; 0.00; 1.00; 0.00; 0.00; 0.00; 0.96; 0.00; 0.00; 0.00; 3.55; 0.00; 333.33; 3.33; 1.00; 1.00; 5.00 
2023-11-27 14:27:58:870;3.53; 0.00; 0.000; 3.55; 3.45; 3.44; 0.00; 0.00; 0.00; 0.00; 0.00; 3.45; 0.00; 60.00; 1.00; 0.00; 0.000; 291.01; 0.00; 1.820; 0.00; 65535.00; 40.00; 5.00; 0.00; 255.00; 255.00; 250.00; 0.00; 0.00; 1.00; 0.00; 813651.69; 155635.75; 145209524224.00; 1.00; 0.00; 0.00; 1.00; 0.00; 0.00; 1.00; 0.00; 0.00; 0.00; 0.00; 0.00; 1.00; 0.00; 0.00; 0.00; 0.96; 0.00; 0.00; 0.00; 3.55; 0.00; 333.33; 3.33; 1.00; 1.00; 5.00 
2023-11-27 14:27:58:990;3.53; 0.00; 0.000; 3.55; 3.46; 3.47; 0.00; 0.00; 0.00; 0.00; 0.00; 3.47; 0.00; 60.00; 1.00; 0.00; 0.000; 291.01; 0.00; 1.820; 0.00; 65535.00; 40.00; 5.00; 0.00; 255.00; 255.00; 250.00; 0.00; 0.00; 1.00; 0.00; 813651.69; 155635.75; 145209524224.00; 1.00; 0.00; 0.00; 1.00; 0.00; 0.00; 1.00; 0.00; 0.00; 0.00; 0.00; 0.00; 1.00; 0.00; 0.00; 0.00; 0.96; 0.00; 0.00; 0.00; 3.55; 0.00; 333.33; 3.33; 1.00; 1.00; 5.00 
2023-11-27 14:27:59:110;3.52; 0.00; 0.000; 3.55; 3.46; 3.46; 0.00; 0.00; 0.00; 0.00; 0.00; 3.47; 0.00; 60.00; 1.00; 0.00; 0.000; 291.01; 0.00; 1.820; 0.00; 65535.00; 40.00; 5.00; 0.00; 255.00; 255.00; 250.00; 0.00; 0.00; 1.00; 0.00; 813651.69; 155635.75; 145209524224.00; 1.00; 0.00; 0.00; 1.00; 0.00; 0.00; 1.00; 0.00; 0.00; 0.00; 0.00; 0.00; 1.00; 0.00; 0.00; 0.00; 0.96; 0.00; 0.00; 0.00; 3.56; 0.00; 333.33; 3.33; 1.00; 1.00; 5.00 
2023-11-27 14:27:59:230;3.52; 0.00; 0.000; 3.54; 3.43; 3.44; 0.00; 0.00; 0.00; 0.00; 0.00; 3.45; 0.00; 60.00; 1.00; 0.00; 0.000; 291.01; 0.00; 1.820; 0.00; 65535.00; 40.00; 5.00; 0.00; 255.00; 255.00; 250.00; 0.00; 0.00; 1.00; 0.00; 813651.69; 155635.75; 145209524224.00; 1.00; 0.00; 0.00; 1.00; 0.00; 0.00; 1.00; 0.00; 0.00; 0.00; 0.00; 0.00; 1.00; 0.00; 0.00; 0.00; 0.96; 0.00; 0.00; 0.00; 3.56; 0.00; 333.33; 2.92; 1.00; 1.00; 5.00 
2023-11-27 14:27:59:350;3.52; 0.00; 0.000; 3.55; 3.46; 3.46; 0.00; 0.00; 0.00; 0.00; 0.00; 3.47; 0.00; 60.00; 1.00; 0.00; 0.000; 291.01; 0.00; 1.820; 0.00; 65535.00; 40.00; 5.00; 0.00; 255.00; 255.00; 250.00; 0.00; 0.00; 1.00; 0.00; 813652.12; 155635.75; 145209524224.00; 1.00; 0.00; 0.00; 1.00; 0.00; 0.00; 1.00; 0.00; 0.00; 0.00; 0.00; 0.00; 1.00; 0.00; 0.00; 0.00; 0.96; 0.00; 0.00; 0.00; 3.55; 0.00; 333.33; 3.33; 1.00; 1.00; 5.00 
2023-11-27 14:27:59:470;3.52; 0.00; 0.000; 3.54; 3.45; 3.45; 0.00; 0.00; 0.00; 0.00; 0.00; 3.45; 0.00; 60.00; 1.00; 0.00; 0.000; 291.01; 0.00; 1.820; 0.00; 65535.00; 40.00; 5.00; 0.00; 255.00; 255.00; 250.00; 0.00; 0.00; 1.00; 0.00; 813652.12; 155635.75; 145209524224.00; 1.00; 0.00; 0.00; 1.00; 0.00; 0.00; 1.00; 0.00; 0.00; 0.00; 0.00; 0.00; 1.00; 0.00; 0.00; 0.00; 0.96; 0.00; 0.00; 0.00; 3.55; 0.00; 333.33; 2.92; 1.00; 1.00; 5.00 
2023-11-27 14:27:59:590;3.52; 0.00; 0.000; 3.55; 3.48; 3.47; 0.00; 0.00; 0.00; 0.00; 0.00; 3.48; 0.00; 60.00; 1.00; 0.00; 0.000; 291.01; 0.00; 1.820; 0.00; 65535.00; 40.00; 5.00; 0.00; 255.00; 255.00; 250.00; 0.00; 0.00; 1.00; 0.00; 813652.12; 155635.75; 145209524224.00; 1.00; 0.00; 0.00; 1.00; 0.00; 0.00; 1.00; 0.00; 0.00; 0.00; 0.00; 0.00; 1.00; 0.00; 0.00; 0.00; 0.96; 0.00; 0.00; 0.00; 3.55; 0.00; 333.33; 3.33; 1.00; 1.00; 5.00 
2023-11-27 14:27:59:710;3.52; 0.00; 0.000; 3.54; 3.44; 3.45; 0.00; 0.00; 0.00; 0.00; 0.00; 3.45; 0.00; 60.00; 1.00; 0.00; 0.000; 291.01; 0.00; 1.820; 0.00; 65535.00; 40.00; 5.00; 0.00; 255.00; 255.00; 250.00; 0.00; 0.00; 1.00; 0.00; 813652.12; 155635.75; 145209524224.00; 1.00; 0.00; 0.00; 1.00; 0.00; 0.00; 1.00; 0.00; 0.00; 0.00; 0.00; 0.00; 1.00; 0.00; 0.00; 0.00; 0.96; 0.00; 0.00; 0.00; 3.56; 0.00; 333.33; 2.92; 1.00; 1.00; 5.00 
2023-11-27 14:27:59:830;3.52; 0.00; 0.000; 3.55; 3.47; 3.47; 0.00; 0.00; 0.00; 0.00; 0.00; 3.47; 0.00; 60.00; 1.00; 0.00; 0.000; 291.01; 0.00; 1.820; 0.00; 65535.00; 40.00; 5.00; 0.00; 255.00; 255.00; 250.00; 0.00; 0.00; 1.00; 0.00; 813652.50; 155635.75; 145209524224.00; 1.00; 0.00; 0.00; 1.00; 0.00; 0.00; 1.00; 0.00; 0.00; 0.00; 0.00; 0.00; 1.00; 0.00; 0.00; 0.00; 0.96; 0.00; 0.00; 0.00; 3.55; 0.00; 333.33; 3.33; 1.00; 1.00; 5.00 
2023-11-27 14:27:59:950;3.52; 0.00; 0.000; 3.55; 3.45; 3.45; 0.00; 0.00; 0.00; 0.00; 0.00; 3.46; 0.00; 60.00; 1.00; 0.00; 0.000; 291.01; 0.00; 1.820; 0.00; 65535.00; 40.00; 5.00; 0.00; 255.00; 255.00; 250.00; 0.00; 0.00; 1.00; 0.00; 813652.50; 155635.75; 145209524224.00; 1.00; 0.00; 0.00; 1.00; 0.00; 0.00; 1.00; 0.00; 0.00; 0.00; 0.00; 0.00; 1.00; 0.00; 0.00; 0.00; 0.96; 0.00; 0.00; 0.00; 3.56; 0.00; 333.33; 3.33; 1.00; 1.00; 5.00 
2023-11-27 14:28:00:070;3.52; 0.00; 0.000; 3.55; 3.45; 3.46; 0.00; 0.00; 0.00; 0.00; 0.00; 3.47; 0.00; 60.00; 1.00; 0.00; 0.000; 291.01; 0.00; 1.820; 0.00; 65535.00; 40.00; 5.00; 0.00; 255.00; 255.00; 250.00; 0.00; 0.00; 1.00; 0.00; 813652.50; 155635.75; 145209524224.00; 1.00; 0.00; 0.00; 1.00; 0.00; 0.00; 1.00; 0.00; 0.00; 0.00; 0.00; 0.00; 1.00; 0.00; 0.00; 0.00; 0.96; 0.00; 0.00; 0.00; 3.55; 0.00; 333.33; 3.33; 1.00; 1.00; 5.00 
2023-11-27 14:28:00:190;3.52; 0.00; 0.000; 3.56; 3.46; 3.46; 0.00; 0.00; 0.00; 0.00; 0.00; 3.47; 0.00; 60.00; 1.00; 0.00; 0.000; 291.01; 0.00; 1.820; 0.00; 65535.00; 40.00; 5.00; 0.00; 255.00; 255.00; 250.00; 0.00; 0.00; 1.00; 0.00; 813652.50; 155635.75; 145209524224.00; 1.00; 0.00; 0.00; 1.00; 0.00; 0.00; 1.00; 0.00; 0.00; 0.00; 0.00; 0.00; 1.00; 0.00; 0.00; 0.00; 0.96; 0.00; 0.00; 0.00; 3.56; 0.00; 333.33; 3.33; 1.00; 1.00; 5.00 
2023-11-27 14:28:00:310;3.51; 0.00; 0.000; 3.54; 3.44; 3.45; 0.00; 0.00; 0.00; 0.00; 0.00; 3.45; 0.00; 60.00; 1.00; 0.00; 0.000; 291.01; 0.00; 1.820; 0.00; 65535.00; 40.00; 5.00; 0.00; 255.00; 255.00; 250.00; 0.00; 0.00; 1.00; 0.00; 813652.87; 155635.75; 145209524224.00; 1.00; 0.00; 0.00; 1.00; 0.00; 0.00; 1.00; 0.00; 0.00; 0.00; 0.00; 0.00; 1.00; 0.00; 0.00; 0.00; 0.96; 0.00; 0.00; 0.00; 3.55; 0.00; 333.33; 3.33; 1.00; 1.00; 5.00 
2023-11-27 14:28:00:430;3.50; 0.00; 0.000; 3.55; 3.46; 3.46; 0.00; 0.00; 0.00; 0.00; 0.00; 3.46; 0.00; 60.00; 1.00; 0.00; 0.000; 291.01; 0.00; 1.820; 0.00; 65535.00; 40.00; 5.00; 0.00; 255.00; 255.00; 250.00; 0.00; 0.00; 1.00; 0.00; 813652.87; 155635.75; 145209524224.00; 1.00; 0.00; 0.00; 1.00; 0.00; 0.00; 1.00; 0.00; 0.00; 0.00; 0.00; 0.00; 1.00; 0.00; 0.00; 0.00; 0.96; 0.00; 0.00; 0.00; 3.56; 0.00; 333.33; 3.33; 1.00; 1.00; 5.00 
2023-11-27 14:28:00:550;3.49; 0.00; 0.000; 3.55; 3.45; 3.46; 0.00; 0.00; 0.00; 0.00; 0.00; 3.46; 0.00; 60.00; 1.00; 0.00; 0.000; 291.01; 0.00; 1.820; 0.00; 65535.00; 40.00; 5.00; 0.00; 255.00; 255.00; 250.00; 0.00; 0.00; 1.00; 0.00; 813652.87; 155635.75; 145209524224.00; 1.00; 0.00; 0.00; 1.00; 0.00; 0.00; 1.00; 0.00; 0.00; 0.00; 0.00; 0.00; 1.00; 0.00; 0.00; 0.00; 0.96; 0.00; 0.00; 0.00; 3.55; 0.00; 333.33; 3.33; 1.00; 1.00; 5.00 
2023-11-27 14:28:00:670;3.49; 0.00; 0.000; 3.54; 3.45; 3.45; 0.00; 0.00; 0.00; 0.00; 0.00; 3.45; 0.00; 60.00; 1.00; 0.00; 0.000; 291.01; 0.00; 1.820; 0.00; 65535.00; 40.00; 5.00; 0.00; 255.00; 255.00; 250.00; 0.00; 0.00; 1.00; 0.00; 813652.87; 155635.75; 145209524224.00; 1.00; 0.00; 0.00; 1.00; 0.00; 0.00; 1.00; 0.00; 0.00; 0.00; 0.00; 0.00; 1.00; 0.00; 0.00; 0.00; 0.96; 0.00; 0.00; 0.00; 3.56; 0.00; 333.33; 3.33; 1.00; 1.00; 5.00 
2023-11-27 14:28:00:790;3.49; 0.00; 0.000; 3.55; 3.46; 3.46; 0.00; 0.00; 0.00; 0.00; 0.00; 3.47; 0.00; 60.00; 1.00; 0.00; 0.000; 291.01; 0.00; 1.820; 0.00; 65535.00; 40.00; 5.00; 0.00; 255.00; 255.00; 250.00; 0.00; 0.00; 1.00; 0.00; 813653.31; 155635.75; 145209524224.00; 1.00; 0.00; 0.00; 1.00; 0.00; 0.00; 1.00; 0.00; 0.00; 0.00; 0.00; 0.00; 1.00; 0.00; 0.00; 0.00; 0.96; 0.00; 0.00; 0.00; 3.55; 0.00; 333.33; 3.33; 1.00; 1.00; 5.00 
2023-11-27 14:28:00:910;3.48; 0.00; 0.000; 3.54; 3.44; 3.44; 0.00; 0.00; 0.00; 0.00; 0.00; 3.45; 0.00; 60.00; 1.00; 0.00; 0.000; 291.01; 0.00; 1.820; 0.00; 65535.00; 40.00; 5.00; 0.00; 255.00; 255.00; 250.00; 0.00; 0.00; 1.00; 0.00; 813653.31; 155635.75; 145209524224.00; 1.00; 0.00; 0.00; 1.00; 0.00; 0.00; 1.00; 0.00; 0.00; 0.00; 0.00; 0.00; 1.00; 0.00; 0.00; 0.00; 0.96; 0.00; 0.00; 0.00; 3.56; 0.00; 333.33; 3.33; 1.00; 1.00; 5.00 
2023-11-27 14:28:01:030;3.48; 0.00; 0.000; 3.55; 3.45; 3.46; 0.00; 0.00; 0.00; 0.00; 0.00; 3.46; 0.00; 60.00; 1.00; 0.00; 0.000; 291.01; 0.00; 1.820; 0.00; 65535.00; 40.00; 5.00; 0.00; 255.00; 255.00; 250.00; 0.00; 0.00; 1.00; 0.00; 813653.31; 155635.75; 145209524224.00; 1.00; 0.00; 0.00; 1.00; 0.00; 0.00; 1.00; 0.00; 0.00; 0.00; 0.00; 0.00; 1.00; 0.00; 0.00; 0.00; 0.96; 0.00; 0.00; 0.00; 3.55; 0.00; 333.33; 3.33; 1.00; 1.00; 5.00 
2023-11-27 14:28:01:150;3.49; 0.00; 0.000; 3.55; 3.47; 3.46; 0.00; 0.00; 0.00; 0.00; 0.00; 3.46; 0.00; 60.00; 1.00; 0.00; 0.000; 291.01; 0.00; 1.820; 0.00; 65535.00; 40.00; 5.00; 0.00; 255.00; 255.00; 250.00; 0.00; 0.00; 1.00; 0.00; 813653.31; 155635.75; 145209524224.00; 1.00; 0.00; 0.00; 1.00; 0.00; 0.00; 1.00; 0.00; 0.00; 0.00; 0.00; 0.00; 1.00; 0.00; 0.00; 0.00; 0.96; 0.00; 0.00; 0.00; 3.55; 0.00; 333.33; 3.33; 1.00; 1.00; 5.00 
2023-11-27 14:28:01:270;3.50; 0.00; 0.000; 3.54; 3.44; 3.44; 0.00; 0.00; 0.00; 0.00; 0.00; 3.44; 0.00; 60.00; 1.00; 0.00; 0.000; 291.01; 0.00; 1.820; 0.00; 65535.00; 40.00; 5.00; 0.00; 255.00; 255.00; 250.00; 0.00; 0.00; 1.00; 0.00; 813653.69; 155635.75; 145209524224.00; 1.00; 0.00; 0.00; 1.00; 0.00; 0.00; 1.00; 0.00; 0.00; 0.00; 0.00; 0.00; 1.00; 0.00; 0.00; 0.00; 0.96; 0.00; 0.00; 0.00; 3.55; 0.00; 333.33; 3.33; 1.00; 1.00; 5.00 
2023-11-27 14:28:01:390;3.51; 0.00; 0.000; 3.55; 3.48; 3.47; 0.00; 0.00; 0.00; 0.00; 0.00; 3.47; 0.00; 60.00; 1.00; 0.00; 0.000; 291.01; 0.00; 1.820; 0.00; 65535.00; 40.00; 5.00; 0.00; 255.00; 255.00; 250.00; 0.00; 0.00; 1.00; 0.00; 813653.69; 155635.75; 145209524224.00; 1.00; 0.00; 0.00; 1.00; 0.00; 0.00; 1.00; 0.00; 0.00; 0.00; 0.00; 0.00; 1.00; 0.00; 0.00; 0.00; 0.96; 0.00; 0.00; 0.00; 3.55; 0.00; 333.33; 3.33; 1.00; 1.00; 5.00 
2023-11-27 14:28:01:510;3.52; 0.00; 0.000; 3.59; 3.88; 4.02; 0.00; 0.00; 0.00; 0.00; 0.00; 4.24; 0.00; 60.00; 1.00; 0.00; 0.000; 291.01; 0.00; 1.820; 0.00; 65535.00; 40.00; 5.00; 0.00; 255.00; 255.00; 250.00; 0.00; 0.00; 1.00; 0.00; 813653.69; 155635.75; 145209524224.00; 1.00; 0.00; 0.00; 1.00; 0.00; 0.00; 1.00; 0.00; 0.00; 0.00; 0.00; 0.00; 1.00; 0.00; 0.00; 0.00; 0.96; 0.00; 0.00; 0.00; 3.55; 0.00; 333.33; 2.92; 1.00; 1.00; 5.00 
2023-11-27 14:28:01:630;3.53; 0.00; 0.000; 3.62; 3.43; 3.27; 0.00; 0.00; 0.00; 0.00; 0.00; 3.36; 0.00; 60.00; 1.00; 0.00; 0.000; 291.01; 0.00; 1.820; 0.00; 65535.00; 40.00; 5.00; 0.00; 255.00; 255.00; 250.00; 0.00; 0.00; 1.00; 0.00; 813653.69; 155635.75; 145209524224.00; 1.00; 0.00; 0.00; 1.00; 0.00; 0.00; 1.00; 0.00; 0.00; 0.00; 0.00; 0.00; 1.00; 0.00; 0.00; 0.00; 0.96; 0.00; 0.00; 0.00; 3.57; 0.00; 333.33; 3.33; 1.00; 1.00; 5.00 
2023-11-27 14:28:01:750;3.52; 0.00; 0.000; 3.62; 3.43; 3.44; 0.00; 0.00; 0.00; 0.00; 0.00; 3.55; 0.00; 60.00; 1.00; 0.00; 0.000; 291.01; 0.00; 1.820; 0.00; 65535.00; 40.00; 5.00; 0.00; 255.00; 255.00; 250.00; 0.00; 0.00; 1.00; 0.00; 813654.19; 155635.75; 145209524224.00; 1.00; 0.00; 0.00; 1.00; 0.00; 0.00; 1.00; 0.00; 0.00; 0.00; 0.00; 0.00; 1.00; 0.00; 0.00; 0.00; 0.96; 0.00; 0.00; 0.00; 3.59; 0.00; 333.33; 2.92; 1.00; 1.00; 5.00 
2023-11-27 14:28:01:870;3.50; 0.00; 0.000; 3.62; 3.71; 3.75; 0.00; 0.00; 0.00; 0.00; 0.00; 3.86; 0.00; 60.00; 1.00; 0.00; 0.000; 291.01; 0.00; 1.820; 0.00; 65535.00; 40.00; 5.00; 0.00; 255.00; 255.00; 250.00; 0.00; 0.00; 1.00; 0.00; 813654.19; 155635.75; 145209524224.00; 1.00; 0.00; 0.00; 1.00; 0.00; 0.00; 1.00; 0.00; 0.00; 0.00; 0.00; 0.00; 1.00; 0.00; 0.00; 0.00; 0.96; 0.00; 0.00; 0.00; 3.61; 0.00; 333.33; 2.92; 1.00; 1.00; 5.00 
2023-11-27 14:28:01:990;3.38; 0.00; 0.000; 3.62; 3.39; 3.33; 0.00; 0.00; 0.00; 0.00; 0.00; 3.25; 0.00; 60.00; 1.00; 0.00; 0.000; 291.01; 0.00; 1.820; 0.00; 65535.00; 40.00; 5.00; 0.00; 255.00; 255.00; 250.00; 0.00; 0.00; 1.00; 0.00; 813654.19; 155635.75; 145209524224.00; 1.00; 0.00; 0.00; 1.00; 0.00; 0.00; 1.00; 0.00; 0.00; 0.00; 0.00; 0.00; 1.00; 0.00; 0.00; 0.00; 0.96; 0.00; 0.00; 0.00; 3.61; 0.00; 333.33; 2.92; 1.00; 1.00; 5.00 
2023-11-27 14:28:02:110;3.14; 0.00; 0.000; 3.62; 3.64; 3.67; 0.00; 0.00; 0.00; 0.00; 0.00; 3.72; 0.00; 60.00; 1.00; 0.00; 0.000; 291.01; 0.00; 1.820; 0.00; 65535.00; 40.00; 5.00; 0.00; 255.00; 255.00; 250.00; 0.00; 0.00; 1.00; 0.00; 813654.19; 155635.75; 145209524224.00; 1.00; 0.00; 0.00; 1.00; 0.00; 0.00; 1.00; 0.00; 0.00; 0.00; 0.00; 0.00; 1.00; 0.00; 0.00; 0.00; 0.96; 0.00; 0.00; 0.00; 3.62; 0.00; 333.33; 2.50; 1.00; 1.00; 5.00 
2023-11-27 14:28:02:230;2.83; 0.00; 0.000; 3.62; 3.54; 3.54; 0.00; 0.00; 0.00; 0.00; 0.00; 3.54; 0.00; 60.00; 1.00; 0.00; 0.000; 291.01; 0.00; 1.820; 0.00; 65535.00; 40.00; 5.00; 0.00; 255.00; 255.00; 250.00; 0.00; 0.00; 1.00; 0.00; 813654.19; 155635.75; 145209524224.00; 1.00; 0.00; 0.00; 1.00; 0.00; 0.00; 1.00; 0.00; 0.00; 0.00; 0.00; 0.00; 1.00; 0.00; 0.00; 0.00; 0.96; 0.00; 0.00; 0.00; 3.62; 0.00; 333.33; 2.50; 1.00; 1.00; 5.00 
2023-11-27 14:28:02:350;2.52; 0.00; 0.000; 3.62; 3.49; 3.46; 0.00; 0.00; 0.00; 0.00; 0.00; 3.42; 0.00; 60.00; 1.00; 0.00; 0.000; 291.01; 0.00; 1.820; 0.00; 65535.00; 40.00; 5.00; 0.00; 255.00; 255.00; 250.00; 0.00; 0.00; 1.00; 0.00; 813654.62; 155635.75; 145209524224.00; 1.00; 0.00; 0.00; 1.00; 0.00; 0.00; 1.00; 0.00; 0.00; 0.00; 0.00; 0.00; 1.00; 0.00; 0.00; 0.00; 0.96; 0.00; 0.00; 0.00; 3.62; 0.00; 333.33; 2.08; 1.00; 1.00; 5.00 
2023-11-27 14:28:02:470;2.25; 0.00; 0.000; 3.62; 3.63; 3.66; 0.00; 0.00; 0.00; 0.00; 0.00; 3.69; 0.00; 60.00; 1.00; 0.00; 0.000; 291.01; 0.00; 1.820; 0.00; 65535.00; 40.00; 5.00; 0.00; 255.00; 255.00; 250.00; 0.00; 0.00; 1.00; 0.00; 813654.62; 155635.75; 145209524224.00; 1.00; 0.00; 0.00; 1.00; 0.00; 0.00; 1.00; 0.00; 0.00; 0.00; 0.00; 0.00; 1.00; 0.00; 0.00; 0.00; 0.96; 0.00; 0.00; 0.00; 3.63; 0.00; 333.33; 2.08; 1.00; 1.00; 5.00 
2023-11-27 14:28:02:590;2.02; 0.00; 0.000; 3.62; 3.49; 3.46; 0.00; 0.00; 0.00; 0.00; 0.00; 3.44; 0.00; 60.00; 1.00; 0.00; 0.000; 291.01; 0.00; 1.820; 0.00; 65535.00; 40.00; 5.00; 0.00; 255.00; 255.00; 250.00; 0.00; 0.00; 1.00; 0.00; 813654.62; 155635.75; 145209524224.00; 1.00; 0.00; 0.00; 1.00; 0.00; 0.00; 1.00; 0.00; 0.00; 0.00; 0.00; 0.00; 1.00; 0.00; 0.00; 0.00; 0.96; 0.00; 0.00; 0.00; 3.63; 0.00; 333.33; 1.67; 1.00; 1.00; 5.00 
2023-11-27 14:28:02:710;1.78; 0.00; 0.000; 3.62; 3.55; 3.55; 0.00; 0.00; 0.00; 0.00; 0.00; 3.55; 0.00; 60.00; 1.00; 0.00; 0.000; 291.01; 0.00; 1.820; 0.00; 65535.00; 40.00; 5.00; 0.00; 255.00; 255.00; 250.00; 0.00; 0.00; 1.00; 0.00; 813654.62; 155635.75; 145209524224.00; 1.00; 0.00; 0.00; 1.00; 0.00; 0.00; 1.00; 0.00; 0.00; 0.00; 0.00; 0.00; 1.00; 0.00; 0.00; 0.00; 0.96; 0.00; 0.00; 0.00; 3.63; 0.00; 333.33; 1.67; 1.00; 1.00; 5.00 
2023-11-27 14:28:02:830;1.58; 0.00; 0.000; 3.62; 3.58; 3.58; 0.00; 0.00; 0.00; 0.00; 0.00; 3.60; 0.00; 60.00; 1.00; 0.00; 0.000; 291.01; 0.00; 1.820; 0.00; 65535.00; 40.00; 5.00; 0.00; 255.00; 255.00; 250.00; 0.00; 0.00; 1.00; 0.00; 813655.00; 155635.75; 145209524224.00; 1.00; 0.00; 0.00; 1.00; 0.00; 0.00; 1.00; 0.00; 0.00; 0.00; 0.00; 0.00; 1.00; 0.00; 0.00; 0.00; 0.96; 0.00; 0.00; 0.00; 3.62; 0.00; 333.33; 1.25; 1.00; 1.00; 5.00 
2023-11-27 14:28:02:950;1.38; 0.00; 0.000; 3.62; 3.50; 3.47; 0.00; 0.00; 0.00; 0.00; 0.00; 3.46; 0.00; 60.00; 1.00; 0.00; 0.000; 291.01; 0.00; 1.820; 0.00; 65535.00; 40.00; 5.00; 0.00; 255.00; 255.00; 250.00; 0.00; 0.00; 1.00; 0.00; 813655.00; 155635.75; 145209524224.00; 1.00; 0.00; 0.00; 1.00; 0.00; 0.00; 1.00; 0.00; 0.00; 0.00; 0.00; 0.00; 1.00; 0.00; 0.00; 0.00; 0.96; 0.00; 0.00; 0.00; 3.62; 0.00; 333.33; 1.25; 1.00; 1.00; 5.00 
2023-11-27 14:28:03:070;1.22; 0.00; 0.000; 3.62; 3.58; 3.58; 0.00; 0.00; 0.00; 0.00; 0.00; 3.60; 0.00; 60.00; 1.00; 0.00; 0.000; 291.01; 0.00; 1.820; 0.00; 65535.00; 40.00; 5.00; 0.00; 255.00; 255.00; 250.00; 0.00; 0.00; 1.00; 0.00; 813655.00; 155635.75; 145209524224.00; 1.00; 0.00; 0.00; 1.00; 0.00; 0.00; 1.00; 0.00; 0.00; 0.00; 0.00; 0.00; 1.00; 0.00; 0.00; 0.00; 0.96; 0.00; 0.00; 0.00; 3.62; 0.00; 333.33; 0.83; 1.00; 1.00; 5.00 
2023-11-27 14:28:03:190;1.09; 0.00; 0.000; 3.62; 3.55; 3.54; 0.00; 0.00; 0.00; 0.00; 0.00; 3.54; 0.00; 60.00; 1.00; 0.00; 0.000; 291.01; 0.00; 1.820; 0.00; 65535.00; 40.00; 5.00; 0.00; 255.00; 255.00; 250.00; 0.00; 0.00; 1.00; 0.00; 813655.00; 155635.75; 145209524224.00; 1.00; 0.00; 0.00; 1.00; 0.00; 0.00; 1.00; 0.00; 0.00; 0.00; 0.00; 0.00; 1.00; 0.00; 0.00; 0.00; 0.96; 0.00; 0.00; 0.00; 3.62; 0.00; 333.33; 0.83; 1.00; 1.00; 5.00 
2023-11-27 14:28:03:310;0.96; 0.00; 0.000; 3.62; 3.53; 3.51; 0.00; 0.00; 0.00; 0.00; 0.00; 3.51; 0.00; 60.00; 1.00; 0.00; 0.000; 291.01; 0.00; 1.820; 0.00; 65535.00; 40.00; 5.00; 0.00; 255.00; 255.00; 250.00; 0.00; 0.00; 1.00; 0.00; 813655.37; 155635.75; 145209524224.00; 1.00; 0.00; 0.00; 1.00; 0.00; 0.00; 1.00; 0.00; 0.00; 0.00; 0.00; 0.00; 1.00; 0.00; 0.00; 0.00; 0.96; 0.00; 0.00; 0.00; 3.62; 0.00; 333.33; 0.42; 1.00; 1.00; 5.00 
2023-11-27 14:28:03:430;0.85; 0.00; 0.000; 3.62; 3.58; 3.58; 0.00; 0.00; 0.00; 0.00; 0.00; 3.60; 0.00; 60.00; 1.00; 0.00; 0.000; 291.01; 0.00; 1.820; 0.00; 65535.00; 40.00; 5.00; 0.00; 255.00; 255.00; 250.00; 0.00; 0.00; 1.00; 0.00; 813655.37; 155635.75; 145209524224.00; 1.00; 0.00; 0.00; 1.00; 0.00; 0.00; 1.00; 0.00; 0.00; 0.00; 0.00; 0.00; 1.00; 0.00; 0.00; 0.00; 0.96; 0.00; 0.00; 0.00; 3.63; 0.00; 333.33; 0.42; 1.00; 1.00; 5.00 
2023-11-27 14:28:03:550;0.75; 0.00; 0.000; 3.62; 3.53; 3.52; 0.00; 0.00; 0.00; 0.00; 0.00; 3.51; 0.00; 60.00; 1.00; 0.00; 0.000; 291.01; 0.00; 1.820; 0.00; 65535.00; 40.00; 5.00; 0.00; 255.00; 255.00; 250.00; 0.00; 0.00; 1.00; 0.00; 813655.37; 155635.75; 145209524224.00; 1.00; 0.00; 0.00; 1.00; 0.00; 0.00; 1.00; 0.00; 0.00; 0.00; 0.00; 0.00; 1.00; 0.00; 0.00; 0.00; 0.96; 0.00; 0.00; 0.00; 3.63; 0.00; 333.33; 0.00; 1.00; 1.00; 5.00 
2023-11-27 14:28:03:670;0.67; 0.00; 0.000; 3.62; 3.55; 3.54; 0.00; 0.00; 0.00; 0.00; 0.00; 3.55; 0.00; 60.00; 1.00; 0.00; 0.000; 291.01; 0.00; 1.820; 0.00; 65535.00; 40.00; 5.00; 0.00; 255.00; 255.00; 250.00; 0.00; 0.00; 1.00; 0.00; 813655.37; 155635.75; 145209524224.00; 1.00; 0.00; 0.00; 1.00; 0.00; 0.00; 1.00; 0.00; 0.00; 0.00; 0.00; 0.00; 1.00; 0.00; 0.00; 0.00; 0.96; 0.00; 0.00; 0.00; 3.63; 0.00; 333.33; 0.00; 1.00; 1.00; 5.00 
2023-11-27 14:28:03:790;0.58; 0.00; 0.000; 3.62; 3.56; 3.56; 0.00; 0.00; 0.00; 0.00; 0.00; 3.57; 0.00; 60.00; 1.00; 0.00; 0.000; 291.01; 0.00; 1.820; 0.00; 65535.00; 40.00; 5.00; 0.00; 255.00; 255.00; 250.00; 0.00; 0.00; 1.00; 0.00; 813655.81; 155635.75; 145209524224.00; 1.00; 0.00; 0.00; 1.00; 0.00; 0.00; 1.00; 0.00; 0.00; 0.00; 0.00; 0.00; 1.00; 0.00; 0.00; 0.00; 0.96; 0.00; 0.00; 0.00; 3.63; 0.00; 333.33; 0.00; 1.00; 1.00; 5.00 
2023-11-27 14:28:03:910;0.52; 0.00; 0.000; 3.62; 3.54; 3.52; 0.00; 0.00; 0.00; 0.00; 0.00; 3.52; 0.00; 60.00; 1.00; 0.00; 0.000; 291.01; 0.00; 1.820; 0.00; 65535.00; 40.00; 5.00; 0.00; 255.00; 255.00; 250.00; 0.00; 0.00; 1.00; 0.00; 813655.81; 155635.75; 145209524224.00; 1.00; 0.00; 0.00; 1.00; 0.00; 0.00; 1.00; 0.00; 0.00; 0.00; 0.00; 0.00; 1.00; 0.00; 0.00; 0.00; 0.96; 0.00; 0.00; 0.00; 3.63; 0.00; 333.33; 0.00; 1.00; 1.00; 5.00 
2023-11-27 14:28:04:030;0.46; 0.00; 0.000; 3.62; 3.56; 3.56; 0.00; 0.00; 0.00; 0.00; 0.00; 3.57; 0.00; 60.00; 1.00; 0.00; 0.000; 291.01; 0.00; 1.820; 0.00; 65535.00; 40.00; 5.00; 0.00; 255.00; 255.00; 250.00; 0.00; 0.00; 1.00; 0.00; 813655.81; 155635.75; 145209524224.00; 1.00; 0.00; 0.00; 1.00; 0.00; 0.00; 1.00; 0.00; 0.00; 0.00; 0.00; 0.00; 1.00; 0.00; 0.00; 0.00; 0.96; 0.00; 0.00; 0.00; 3.63; 0.00; 333.33; 0.00; 1.00; 1.00; 5.00 
2023-11-27 14:28:04:150;0.40; 0.00; 0.000; 3.63; 3.55; 3.54; 0.00; 0.00; 0.00; 0.00; 0.00; 3.55; 0.00; 60.00; 1.00; 0.00; 0.000; 291.01; 0.00; 1.820; 0.00; 65535.00; 40.00; 5.00; 0.00; 255.00; 255.00; 250.00; 0.00; 0.00; 1.00; 0.00; 813655.81; 155635.75; 145209524224.00; 1.00; 0.00; 0.00; 1.00; 0.00; 0.00; 1.00; 0.00; 0.00; 0.00; 0.00; 0.00; 1.00; 0.00; 0.00; 0.00; 0.96; 0.00; 0.00; 0.00; 3.63; 0.00; 333.33; 0.00; 1.00; 1.00; 5.00 
2023-11-27 14:28:04:270;0.35; 0.00; 0.000; 3.64; 3.56; 3.55; 0.00; 0.00; 0.00; 0.00; 0.00; 3.55; 0.00; 60.00; 1.00; 0.00; 0.000; 291.01; 0.00; 1.820; 0.00; 65535.00; 40.00; 5.00; 0.00; 255.00; 255.00; 250.00; 0.00; 0.00; 1.00; 0.00; 813656.19; 155635.75; 145209524224.00; 1.00; 0.00; 0.00; 1.00; 0.00; 0.00; 1.00; 0.00; 0.00; 0.00; 0.00; 0.00; 1.00; 0.00; 0.00; 0.00; 0.96; 0.00; 0.00; 0.00; 3.63; 0.00; 333.33; 0.00; 1.00; 1.00; 5.00 
2023-11-27 14:28:04:390;0.30; 0.00; 0.000; 3.64; 3.58; 3.58; 0.00; 0.00; 0.00; 0.00; 0.00; 3.59; 0.00; 60.00; 1.00; 0.00; 0.000; 291.01; 0.00; 1.820; 0.00; 65535.00; 40.00; 5.00; 0.00; 255.00; 255.00; 250.00; 0.00; 0.00; 1.00; 0.00; 813656.19; 155635.75; 145209524224.00; 1.00; 0.00; 0.00; 1.00; 0.00; 0.00; 1.00; 0.00; 0.00; 0.00; 0.00; 0.00; 1.00; 0.00; 0.00; 0.00; 0.96; 0.00; 0.00; 0.00; 3.64; 0.00; 333.33; 0.00; 1.00; 1.00; 5.00 
2023-11-27 14:28:04:510;0.27; 0.00; 0.000; 3.65; 3.57; 3.56; 0.00; 0.00; 0.00; 0.00; 0.00; 3.57; 0.00; 60.00; 1.00; 0.00; 0.000; 291.01; 0.00; 1.820; 0.00; 65535.00; 40.00; 5.00; 0.00; 255.00; 255.00; 250.00; 0.00; 0.00; 1.00; 0.00; 813656.19; 155635.75; 145209524224.00; 1.00; 0.00; 0.00; 1.00; 0.00; 0.00; 1.00; 0.00; 0.00; 0.00; 0.00; 0.00; 1.00; 0.00; 0.00; 0.00; 0.96; 0.00; 0.00; 0.00; 3.64; 0.00; 333.33; 0.00; 1.00; 1.00; 5.00 
2023-11-27 14:28:04:630;0.22; 0.00; 0.000; 3.66; 3.59; 3.58; 0.00; 0.00; 0.00; 0.00; 0.00; 3.59; 0.00; 60.00; 1.00; 0.00; 0.000; 291.01; 0.00; 1.820; 0.00; 65535.00; 40.00; 5.00; 0.00; 255.00; 255.00; 250.00; 0.00; 0.00; 1.00; 0.00; 813656.19; 155635.75; 145209524224.00; 1.00; 0.00; 0.00; 1.00; 0.00; 0.00; 1.00; 0.00; 0.00; 0.00; 0.00; 0.00; 1.00; 0.00; 0.00; 0.00; 0.96; 0.00; 0.00; 0.00; 3.65; 0.00; 333.33; 0.00; 1.00; 1.00; 5.00 
2023-11-27 14:28:04:750;0.19; 0.00; 0.000; 3.67; 3.60; 3.60; 0.00; 0.00; 0.00; 0.00; 0.00; 3.60; 0.00; 60.00; 1.00; 0.00; 0.000; 291.01; 0.00; 1.820; 0.00; 65535.00; 40.00; 5.00; 0.00; 255.00; 255.00; 250.00; 0.00; 0.00; 1.00; 0.00; 813656.69; 155635.75; 145209524224.00; 1.00; 0.00; 0.00; 1.00; 0.00; 0.00; 1.00; 0.00; 0.00; 0.00; 0.00; 0.00; 1.00; 0.00; 0.00; 0.00; 0.96; 0.00; 0.00; 0.00; 3.66; 0.00; 333.33; 0.00; 1.00; 1.00; 5.00 
2023-11-27 14:28:04:870;0.16; 0.00; 0.000; 3.68; 3.60; 3.59; 0.00; 0.00; 0.00; 0.00; 0.00; 3.60; 0.00; 60.00; 1.00; 0.00; 0.000; 291.01; 0.00; 1.820; 0.00; 65535.00; 40.00; 5.00; 0.00; 255.00; 255.00; 250.00; 0.00; 0.00; 1.00; 0.00; 813656.69; 155635.75; 145209524224.00; 1.00; 0.00; 0.00; 1.00; 0.00; 0.00; 1.00; 0.00; 0.00; 0.00; 0.00; 0.00; 1.00; 0.00; 0.00; 0.00; 0.96; 0.00; 0.00; 0.00; 3.66; 0.00; 333.33; 0.00; 1.00; 1.00; 5.00 
2023-11-27 14:28:04:990;0.14; 0.00; 0.000; 3.69; 3.62; 3.61; 0.00; 0.00; 0.00; 0.00; 0.00; 3.61; 0.00; 60.00; 1.00; 0.00; 0.000; 291.01; 0.00; 1.820; 0.00; 65535.00; 40.00; 5.00; 0.00; 255.00; 255.00; 250.00; 0.00; 0.00; 1.00; 0.00; 813656.69; 155635.75; 145209524224.00; 1.00; 0.00; 0.00; 1.00; 0.00; 0.00; 1.00; 0.00; 0.00; 0.00; 0.00; 0.00; 1.00; 0.00; 0.00; 0.00; 0.96; 0.00; 0.00; 0.00; 3.67; 0.00; 333.33; 0.00; 1.00; 1.00; 5.00 
2023-11-27 14:28:05:110;0.12; 0.00; 0.000; 3.69; 3.63; 3.62; 0.00; 0.00; 0.00; 0.00; 0.00; 3.63; 0.00; 60.00; 1.00; 0.00; 0.000; 291.01; 0.00; 1.820; 0.00; 65535.00; 40.00; 5.00; 0.00; 255.00; 255.00; 250.00; 0.00; 0.00; 1.00; 0.00; 813656.69; 155635.75; 145209524224.00; 1.00; 0.00; 0.00; 1.00; 0.00; 0.00; 1.00; 0.00; 0.00; 0.00; 0.00; 0.00; 1.00; 0.00; 0.00; 0.00; 0.96; 0.00; 0.00; 0.00; 3.68; 0.00; 333.33; 0.00; 1.00; 1.00; 5.00 
2023-11-27 14:28:05:230;0.09; 0.00; 0.000; 3.71; 3.63; 3.62; 0.00; 0.00; 0.00; 0.00; 0.00; 3.62; 0.00; 60.00; 1.00; 0.00; 0.000; 291.01; 0.00; 1.820; 0.00; 65535.00; 40.00; 5.00; 0.00; 255.00; 255.00; 250.00; 0.00; 0.00; 1.00; 0.00; 813656.69; 155635.75; 145209524224.00; 1.00; 0.00; 0.00; 1.00; 0.00; 0.00; 1.00; 0.00; 0.00; 0.00; 0.00; 0.00; 1.00; 0.00; 0.00; 0.00; 0.96; 0.00; 0.00; 0.00; 3.69; 0.00; 333.33; 0.00; 1.00; 1.00; 5.00 
2023-11-27 14:28:05:350;0.08; 0.00; 0.000; 3.72; 3.66; 3.65; 0.00; 0.00; 0.00; 0.00; 0.00; 3.66; 0.00; 60.00; 1.00; 0.00; 0.000; 291.01; 0.00; 1.820; 0.00; 65535.00; 40.00; 5.00; 0.00; 255.00; 255.00; 250.00; 0.00; 0.00; 1.00; 0.00; 813657.12; 155635.75; 145209524224.00; 1.00; 0.00; 0.00; 1.00; 0.00; 0.00; 1.00; 0.00; 0.00; 0.00; 0.00; 0.00; 1.00; 0.00; 0.00; 0.00; 0.96; 0.00; 0.00; 0.00; 3.70; 0.00; 333.33; 0.00; 1.00; 1.00; 5.00 
2023-11-27 14:28:05:470;0.07; 0.00; 0.000; 3.73; 3.65; 3.64; 0.00; 0.00; 0.00; 0.00; 0.00; 3.65; 0.00; 60.00; 1.00; 0.00; 0.000; 291.01; 0.00; 1.820; 0.00; 65535.00; 40.00; 5.00; 0.00; 255.00; 255.00; 250.00; 0.00; 0.00; 1.00; 0.00; 813657.12; 155635.75; 145209524224.00; 1.00; 0.00; 0.00; 1.00; 0.00; 0.00; 1.00; 0.00; 0.00; 0.00; 0.00; 0.00; 1.00; 0.00; 0.00; 0.00; 0.96; 0.00; 0.00; 0.00; 3.70; 0.00; 333.33; 0.00; 1.00; 1.00; 5.00 
2023-11-27 14:28:05:590;0.07; 0.00; 0.000; 3.74; 3.66; 3.66; 0.00; 0.00; 0.00; 0.00; 0.00; 3.66; 0.00; 60.00; 1.00; 0.00; 0.000; 291.01; 0.00; 1.820; 0.00; 65535.00; 40.00; 5.00; 0.00; 255.00; 255.00; 250.00; 0.00; 0.00; 1.00; 0.00; 813657.12; 155635.75; 145209524224.00; 1.00; 0.00; 0.00; 1.00; 0.00; 0.00; 1.00; 0.00; 0.00; 0.00; 0.00; 0.00; 1.00; 0.00; 0.00; 0.00; 0.96; 0.00; 0.00; 0.00; 3.71; 0.00; 333.33; 0.00; 1.00; 1.00; 5.00 
2023-11-27 14:28:05:710;0.07; 0.00; 0.000; 3.74; 3.67; 3.66; 0.00; 0.00; 0.00; 0.00; 0.00; 3.67; 0.00; 60.00; 1.00; 0.00; 0.000; 291.01; 0.00; 1.820; 0.00; 65535.00; 40.00; 5.00; 0.00; 255.00; 255.00; 250.00; 0.00; 0.00; 1.00; 0.00; 813657.12; 155635.75; 145209524224.00; 1.00; 0.00; 0.00; 1.00; 0.00; 0.00; 1.00; 0.00; 0.00; 0.00; 0.00; 0.00; 1.00; 0.00; 0.00; 0.00; 0.96; 0.00; 0.00; 0.00; 3.72; 0.00; 333.33; 0.00; 1.00; 1.00; 5.00 
2023-11-27 14:28:05:830;0.07; 0.00; 0.000; 3.75; 3.67; 3.66; 0.00; 0.00; 0.00; 0.00; 0.00; 3.66; 0.00; 60.00; 1.00; 0.00; 0.000; 291.01; 0.00; 1.820; 0.00; 65535.00; 40.00; 5.00; 0.00; 255.00; 255.00; 250.00; 0.00; 0.00; 1.00; 0.00; 813657.50; 155635.75; 145209524224.00; 1.00; 0.00; 0.00; 1.00; 0.00; 0.00; 1.00; 0.00; 0.00; 0.00; 0.00; 0.00; 1.00; 0.00; 0.00; 0.00; 0.96; 0.00; 0.00; 0.00; 3.73; 0.00; 333.33; 0.00; 1.00; 1.00; 5.00 
2023-11-27 14:28:05:950;0.07; 0.00; 0.000; 3.76; 3.69; 3.68; 0.00; 0.00; 0.00; 0.00; 0.00; 3.69; 0.00; 60.00; 1.00; 0.00; 0.000; 291.01; 0.00; 1.820; 0.00; 65535.00; 40.00; 5.00; 0.00; 255.00; 255.00; 250.00; 0.00; 0.00; 1.00; 0.00; 813657.50; 155635.75; 145209524224.00; 1.00; 0.00; 0.00; 1.00; 0.00; 0.00; 1.00; 0.00; 0.00; 0.00; 0.00; 0.00; 1.00; 0.00; 0.00; 0.00; 0.96; 0.00; 0.00; 0.00; 3.74; 0.00; 333.33; 0.00; 1.00; 1.00; 5.00 
2023-11-27 14:28:06:070;0.05; 0.00; 0.000; 3.77; 3.69; 3.68; 0.00; 0.00; 0.00; 0.00; 0.00; 3.69; 0.00; 60.00; 1.00; 0.00; 0.000; 291.01; 0.00; 1.820; 0.00; 65535.00; 40.00; 5.00; 0.00; 255.00; 255.00; 250.00; 0.00; 0.00; 1.00; 0.00; 813657.50; 155635.75; 145209524224.00; 1.00; 0.00; 0.00; 1.00; 0.00; 0.00; 1.00; 0.00; 0.00; 0.00; 0.00; 0.00; 1.00; 0.00; 0.00; 0.00; 0.96; 0.00; 0.00; 0.00; 3.75; 0.00; 333.33; 0.00; 1.00; 1.00; 5.00 
2023-11-27 14:28:06:190;0.04; 0.00; 0.000; 3.78; 3.70; 3.69; 0.00; 0.00; 0.00; 0.00; 0.00; 3.69; 0.00; 60.00; 1.00; 0.00; 0.000; 291.01; 0.00; 1.820; 0.00; 65535.00; 40.00; 5.00; 0.00; 255.00; 255.00; 250.00; 0.00; 0.00; 1.00; 0.00; 813657.50; 155635.75; 145209524224.00; 1.00; 0.00; 0.00; 1.00; 0.00; 0.00; 1.00; 0.00; 0.00; 0.00; 0.00; 0.00; 1.00; 0.00; 0.00; 0.00; 0.96; 0.00; 0.00; 0.00; 3.75; 0.00; 333.33; 0.00; 1.00; 1.00; 5.00 
2023-11-27 14:28:06:310;0.03; 0.00; 0.000; 3.78; 3.72; 3.71; 0.00; 0.00; 0.00; 0.00; 0.00; 3.72; 0.00; 60.00; 1.00; 0.00; 0.000; 291.01; 0.00; 1.820; 0.00; 65535.00; 40.00; 5.00; 0.00; 255.00; 255.00; 250.00; 0.00; 0.00; 1.00; 0.00; 813657.87; 155635.75; 145209524224.00; 1.00; 0.00; 0.00; 1.00; 0.00; 0.00; 1.00; 0.00; 0.00; 0.00; 0.00; 0.00; 1.00; 0.00; 0.00; 0.00; 0.96; 0.00; 0.00; 0.00; 3.76; 0.00; 333.33; 0.00; 1.00; 1.00; 5.00 
2023-11-27 14:28:06:430;0.03; 0.00; 0.000; 3.79; 3.71; 3.70; 0.00; 0.00; 0.00; 0.00; 0.00; 3.70; 0.00; 60.00; 1.00; 0.00; 0.000; 291.01; 0.00; 1.820; 0.00; 65535.00; 40.00; 5.00; 0.00; 255.00; 255.00; 250.00; 0.00; 0.00; 1.00; 0.00; 813657.87; 155635.75; 145209524224.00; 1.00; 0.00; 0.00; 1.00; 0.00; 0.00; 1.00; 0.00; 0.00; 0.00; 0.00; 0.00; 1.00; 0.00; 0.00; 0.00; 0.96; 0.00; 0.00; 0.00; 3.77; 0.00; 333.33; 0.00; 1.00; 1.00; 5.00 
2023-11-27 14:28:06:550;0.03; 0.00; 0.000; 3.80; 3.74; 3.73; 0.00; 0.00; 0.00; 0.00; 0.00; 3.73; 0.00; 60.00; 1.00; 0.00; 0.000; 291.01; 0.00; 1.820; 0.00; 65535.00; 40.00; 5.00; 0.00; 255.00; 255.00; 250.00; 0.00; 0.00; 1.00; 0.00; 813657.87; 155635.75; 145209524224.00; 1.00; 0.00; 0.00; 1.00; 0.00; 0.00; 1.00; 0.00; 0.00; 0.00; 0.00; 0.00; 1.00; 0.00; 0.00; 0.00; 0.96; 0.00; 0.00; 0.00; 3.78; 0.00; 333.33; 0.00; 1.00; 1.00; 5.00 
2023-11-27 14:28:06:670;0.04; 0.00; 0.000; 3.81; 3.73; 3.73; 0.00; 0.00; 0.00; 0.00; 0.00; 3.73; 0.00; 60.00; 1.00; 0.00; 0.000; 291.01; 0.00; 1.820; 0.00; 65535.00; 40.00; 5.00; 0.00; 255.00; 255.00; 250.00; 0.00; 0.00; 1.00; 0.00; 813657.87; 155635.75; 145209524224.00; 1.00; 0.00; 0.00; 1.00; 0.00; 0.00; 1.00; 0.00; 0.00; 0.00; 0.00; 0.00; 1.00; 0.00; 0.00; 0.00; 0.96; 0.00; 0.00; 0.00; 3.79; 0.00; 333.33; 0.00; 1.00; 1.00; 5.00 
2023-11-27 14:28:06:790;0.03; 0.00; 0.000; 3.81; 3.74; 3.73; 0.00; 0.00; 0.00; 0.00; 0.00; 3.74; 0.00; 60.00; 1.00; 0.00; 0.000; 291.01; 0.00; 1.820; 0.00; 65535.00; 40.00; 5.00; 0.00; 255.00; 255.00; 250.00; 0.00; 0.00; 1.00; 0.00; 813658.31; 155635.75; 145209524224.00; 1.00; 0.00; 0.00; 1.00; 0.00; 0.00; 1.00; 0.00; 0.00; 0.00; 0.00; 0.00; 1.00; 0.00; 0.00; 0.00; 0.96; 0.00; 0.00; 0.00; 3.79; 0.00; 333.33; 0.00; 1.00; 1.00; 5.00 
2023-11-27 14:28:06:910;0.03; 0.00; 0.000; 3.82; 3.75; 3.74; 0.00; 0.00; 0.00; 0.00; 0.00; 3.74; 0.00; 60.00; 1.00; 0.00; 0.000; 291.01; 0.00; 1.820; 0.00; 65535.00; 40.00; 5.00; 0.00; 255.00; 255.00; 250.00; 0.00; 0.00; 1.00; 0.00; 813658.31; 155635.75; 145209524224.00; 1.00; 0.00; 0.00; 1.00; 0.00; 0.00; 1.00; 0.00; 0.00; 0.00; 0.00; 0.00; 1.00; 0.00; 0.00; 0.00; 0.96; 0.00; 0.00; 0.00; 3.80; 0.00; 333.33; 0.00; 1.00; 1.00; 5.00 
2023-11-27 14:28:07:030;0.02; 0.00; 0.000; 3.82; 3.75; 3.74; 0.00; 0.00; 0.00; 0.00; 0.00; 3.75; 0.00; 60.00; 1.00; 0.00; 0.000; 291.01; 0.00; 1.820; 0.00; 65535.00; 40.00; 5.00; 0.00; 255.00; 255.00; 250.00; 0.00; 0.00; 1.00; 0.00; 813658.31; 155635.75; 145209524224.00; 1.00; 0.00; 0.00; 1.00; 0.00; 0.00; 1.00; 0.00; 0.00; 0.00; 0.00; 0.00; 1.00; 0.00; 0.00; 0.00; 0.96; 0.00; 0.00; 0.00; 3.81; 0.00; 333.33; 0.00; 1.00; 1.00; 5.00 
2023-11-27 14:28:07:150;0.03; 0.00; 0.000; 3.83; 3.76; 3.75; 0.00; 0.00; 0.00; 0.00; 0.00; 3.76; 0.00; 60.00; 1.00; 0.00; 0.000; 291.01; 0.00; 1.820; 0.00; 65535.00; 40.00; 5.00; 0.00; 255.00; 255.00; 250.00; 0.00; 0.00; 1.00; 0.00; 813658.31; 155635.75; 145209524224.00; 1.00; 0.00; 0.00; 1.00; 0.00; 0.00; 1.00; 0.00; 0.00; 0.00; 0.00; 0.00; 1.00; 0.00; 0.00; 0.00; 0.96; 0.00; 0.00; 0.00; 3.82; 0.00; 333.33; 0.00; 1.00; 1.00; 5.00 
2023-11-27 14:28:07:270;0.02; 0.00; 0.000; 3.84; 3.77; 3.75; 0.00; 0.00; 0.00; 0.00; 0.00; 3.76; 0.00; 60.00; 1.00; 0.00; 0.000; 291.01; 0.00; 1.820; 0.00; 65535.00; 40.00; 5.00; 0.00; 255.00; 255.00; 250.00; 0.00; 0.00; 1.00; 0.00; 813658.69; 155635.75; 145209524224.00; 1.00; 0.00; 0.00; 1.00; 0.00; 0.00; 1.00; 0.00; 0.00; 0.00; 0.00; 0.00; 1.00; 0.00; 0.00; 0.00; 0.96; 0.00; 0.00; 0.00; 3.82; 0.00; 333.33; 0.00; 1.00; 1.00; 5.00 
2023-11-27 14:28:07:390;0.02; 0.00; 0.000; 3.84; 3.77; 3.76; 0.00; 0.00; 0.00; 0.00; 0.00; 3.77; 0.00; 60.00; 1.00; 0.00; 0.000; 291.01; 0.00; 1.820; 0.00; 65535.00; 40.00; 5.00; 0.00; 255.00; 255.00; 250.00; 0.00; 0.00; 1.00; 0.00; 813658.69; 155635.75; 145209524224.00; 1.00; 0.00; 0.00; 1.00; 0.00; 0.00; 1.00; 0.00; 0.00; 0.00; 0.00; 0.00; 1.00; 0.00; 0.00; 0.00; 0.96; 0.00; 0.00; 0.00; 3.83; 0.00; 333.33; 0.00; 1.00; 1.00; 5.00 
2023-11-27 14:28:07:510;0.03; 0.00; 0.000; 3.85; 3.78; 3.77; 0.00; 0.00; 0.00; 0.00; 0.00; 3.77; 0.00; 60.00; 1.00; 0.00; 0.000; 291.01; 0.00; 1.820; 0.00; 65535.00; 40.00; 5.00; 0.00; 255.00; 255.00; 250.00; 0.00; 0.00; 1.00; 0.00; 813658.69; 155635.75; 145209524224.00; 1.00; 0.00; 0.00; 1.00; 0.00; 0.00; 1.00; 0.00; 0.00; 0.00; 0.00; 0.00; 1.00; 0.00; 0.00; 0.00; 0.96; 0.00; 0.00; 0.00; 3.84; 0.00; 333.33; 0.00; 1.00; 1.00; 5.00 
2023-11-27 14:28:07:630;0.02; 0.00; 0.000; 3.85; 3.79; 3.78; 0.00; 0.00; 0.00; 0.00; 0.00; 3.78; 0.00; 60.00; 1.00; 0.00; 0.000; 291.01; 0.00; 1.820; 0.00; 65535.00; 40.00; 5.00; 0.00; 255.00; 255.00; 250.00; 0.00; 0.00; 1.00; 0.00; 813658.69; 155635.75; 145209524224.00; 1.00; 0.00; 0.00; 1.00; 0.00; 0.00; 1.00; 0.00; 0.00; 0.00; 0.00; 0.00; 1.00; 0.00; 0.00; 0.00; 0.96; 0.00; 0.00; 0.00; 3.85; 0.00; 333.33; 0.00; 1.00; 1.00; 5.00 
2023-11-27 14:28:07:750;0.02; 0.00; 0.000; 3.86; 3.79; 3.78; 0.00; 0.00; 0.00; 0.00; 0.00; 3.78; 0.00; 60.00; 1.00; 0.00; 0.000; 291.01; 0.00; 1.820; 0.00; 65535.00; 40.00; 5.00; 0.00; 255.00; 255.00; 250.00; 0.00; 0.00; 1.00; 0.00; 813659.19; 155635.75; 145209524224.00; 1.00; 0.00; 0.00; 1.00; 0.00; 0.00; 1.00; 0.00; 0.00; 0.00; 0.00; 0.00; 1.00; 0.00; 0.00; 0.00; 0.96; 0.00; 0.00; 0.00; 3.85; 0.00; 333.33; 0.00; 1.00; 1.00; 5.00 
2023-11-27 14:28:07:870;0.02; 0.00; 0.000; 3.86; 3.78; 3.77; 0.00; 0.00; 0.00; 0.00; 0.00; 3.78; 0.00; 60.00; 1.00; 0.00; 0.000; 291.01; 0.00; 1.820; 0.00; 65535.00; 40.00; 5.00; 0.00; 255.00; 255.00; 250.00; 0.00; 0.00; 1.00; 0.00; 813659.19; 155635.75; 145209524224.00; 1.00; 0.00; 0.00; 1.00; 0.00; 0.00; 1.00; 0.00; 0.00; 0.00; 0.00; 0.00; 1.00; 0.00; 0.00; 0.00; 0.96; 0.00; 0.00; 0.00; 3.86; 0.00; 333.33; 0.00; 1.00; 1.00; 5.00 
2023-11-27 14:28:07:990;0.03; 0.00; 0.000; 3.86; 3.79; 3.78; 0.00; 0.00; 0.00; 0.00; 0.00; 3.79; 0.00; 60.00; 1.00; 0.00; 0.000; 291.01; 0.00; 1.820; 0.00; 65535.00; 40.00; 5.00; 0.00; 255.00; 255.00; 250.00; 0.00; 0.00; 1.00; 0.00; 813659.19; 155635.75; 145209524224.00; 1.00; 0.00; 0.00; 1.00; 0.00; 0.00; 1.00; 0.00; 0.00; 0.00; 0.00; 0.00; 1.00; 0.00; 0.00; 0.00; 0.96; 0.00; 0.00; 0.00; 3.86; 0.00; 333.33; 0.00; 1.00; 1.00; 5.00 
2023-11-27 14:28:08:110;0.03; 0.00; 0.000; 3.86; 3.79; 3.78; 0.00; 0.00; 0.00; 0.00; 0.00; 3.79; 0.00; 60.00; 1.00; 0.00; 0.000; 291.01; 0.00; 1.820; 0.00; 65535.00; 40.00; 5.00; 0.00; 255.00; 255.00; 250.00; 0.00; 0.00; 1.00; 0.00; 813659.19; 155635.75; 145209524224.00; 1.00; 0.00; 0.00; 1.00; 0.00; 0.00; 1.00; 0.00; 0.00; 0.00; 0.00; 0.00; 1.00; 0.00; 0.00; 0.00; 0.96; 0.00; 0.00; 0.00; 3.86; 0.00; 333.33; 0.00; 1.00; 1.00; 5.00 
2023-11-27 14:28:08:230;0.03; 0.00; 0.000; 3.87; 3.80; 3.79; 0.00; 0.00; 0.00; 0.00; 0.00; 3.79; 0.00; 60.00; 1.00; 0.00; 0.000; 291.01; 0.00; 1.820; 0.00; 65535.00; 40.00; 5.00; 0.00; 255.00; 255.00; 250.00; 0.00; 0.00; 1.00; 0.00; 813659.19; 155635.75; 145209524224.00; 1.00; 0.00; 0.00; 1.00; 0.00; 0.00; 1.00; 0.00; 0.00; 0.00; 0.00; 0.00; 1.00; 0.00; 0.00; 0.00; 0.96; 0.00; 0.00; 0.00; 3.86; 0.00; 333.33; 0.00; 1.00; 1.00; 5.00 
2023-11-27 14:28:08:350;0.02; 0.00; 0.000; 3.87; 3.80; 3.79; 0.00; 0.00; 0.00; 0.00; 0.00; 3.80; 0.00; 60.00; 1.00; 0.00; 0.000; 291.01; 0.00; 1.820; 0.00; 65535.00; 40.00; 5.00; 0.00; 255.00; 255.00; 250.00; 0.00; 0.00; 1.00; 0.00; 813659.62; 155635.75; 145209524224.00; 1.00; 0.00; 0.00; 1.00; 0.00; 0.00; 1.00; 0.00; 0.00; 0.00; 0.00; 0.00; 1.00; 0.00; 0.00; 0.00; 0.96; 0.00; 0.00; 0.00; 3.87; 0.00; 333.33; 0.00; 1.00; 1.00; 5.00 
2023-11-27 14:28:08:470;0.02; 0.00; 0.000; 3.88; 3.81; 3.80; 0.00; 0.00; 0.00; 0.00; 0.00; 3.80; 0.00; 60.00; 1.00; 0.00; 0.000; 291.01; 0.00; 1.820; 0.00; 65535.00; 40.00; 5.00; 0.00; 255.00; 255.00; 250.00; 0.00; 0.00; 1.00; 0.00; 813659.62; 155635.75; 145209524224.00; 1.00; 0.00; 0.00; 1.00; 0.00; 0.00; 1.00; 0.00; 0.00; 0.00; 0.00; 0.00; 1.00; 0.00; 0.00; 0.00; 0.96; 0.00; 0.00; 0.00; 3.87; 0.00; 333.33; 0.00; 1.00; 1.00; 5.00 
2023-11-27 14:28:08:590;0.01; 0.00; 0.000; 3.88; 3.81; 3.80; 0.00; 0.00; 0.00; 0.00; 0.00; 3.80; 0.00; 60.00; 1.00; 0.00; 0.000; 291.01; 0.00; 1.820; 0.00; 65535.00; 40.00; 5.00; 0.00; 255.00; 255.00; 250.00; 0.00; 0.00; 1.00; 0.00; 813659.62; 155635.75; 145209524224.00; 1.00; 0.00; 0.00; 1.00; 0.00; 0.00; 1.00; 0.00; 0.00; 0.00; 0.00; 0.00; 1.00; 0.00; 0.00; 0.00; 0.96; 0.00; 0.00; 0.00; 3.88; 0.00; 333.33; 0.00; 1.00; 1.00; 5.00 
2023-11-27 14:28:08:710;0.01; 0.00; 0.000; 3.89; 3.82; 3.81; 0.00; 0.00; 0.00; 0.00; 0.00; 3.82; 0.00; 60.00; 1.00; 0.00; 0.000; 291.01; 0.00; 1.820; 0.00; 65535.00; 40.00; 5.00; 0.00; 255.00; 255.00; 250.00; 0.00; 0.00; 1.00; 0.00; 813659.62; 155635.75; 145209524224.00; 1.00; 0.00; 0.00; 1.00; 0.00; 0.00; 1.00; 0.00; 0.00; 0.00; 0.00; 0.00; 1.00; 0.00; 0.00; 0.00; 0.96; 0.00; 0.00; 0.00; 3.88; 0.00; 333.33; 0.00; 1.00; 1.00; 5.00 
2023-11-27 14:28:08:830;0.02; 0.00; 0.000; 3.89; 3.81; 3.80; 0.00; 0.00; 0.00; 0.00; 0.00; 3.81; 0.00; 60.00; 1.00; 0.00; 0.000; 291.01; 0.00; 1.820; 0.00; 65535.00; 40.00; 5.00; 0.00; 255.00; 255.00; 250.00; 0.00; 0.00; 1.00; 0.00; 813660.00; 155635.75; 145209524224.00; 1.00; 0.00; 0.00; 1.00; 0.00; 0.00; 1.00; 0.00; 0.00; 0.00; 0.00; 0.00; 1.00; 0.00; 0.00; 0.00; 0.96; 0.00; 0.00; 0.00; 3.89; 0.00; 333.33; 0.00; 1.00; 1.00; 5.00 
2023-11-27 14:28:08:950;0.01; 0.00; 0.000; 3.89; 3.83; 3.82; 0.00; 0.00; 0.00; 0.00; 0.00; 3.82; 0.00; 60.00; 1.00; 0.00; 0.000; 291.01; 0.00; 1.820; 0.00; 65535.00; 40.00; 5.00; 0.00; 255.00; 255.00; 250.00; 0.00; 0.00; 1.00; 0.00; 813660.00; 155635.75; 145209524224.00; 1.00; 0.00; 0.00; 1.00; 0.00; 0.00; 1.00; 0.00; 0.00; 0.00; 0.00; 0.00; 1.00; 0.00; 0.00; 0.00; 0.96; 0.00; 0.00; 0.00; 3.89; 0.00; 333.33; 0.00; 1.00; 1.00; 5.00 
2023-11-27 14:28:09:070;0.00; 0.00; 0.000; 3.90; 3.83; 3.82; 0.00; 0.00; 0.00; 0.00; 0.00; 3.82; 0.00; 60.00; 1.00; 0.00; 0.000; 291.01; 0.00; 1.820; 0.00; 65535.00; 40.00; 5.00; 0.00; 255.00; 255.00; 250.00; 0.00; 0.00; 1.00; 0.00; 813660.00; 155635.75; 145209524224.00; 1.00; 0.00; 0.00; 1.00; 0.00; 0.00; 1.00; 0.00; 0.00; 0.00; 0.00; 0.00; 1.00; 0.00; 0.00; 0.00; 0.96; 0.00; 0.00; 0.00; 3.89; 0.00; 333.33; 0.00; 1.00; 1.00; 5.00 
2023-11-27 14:28:09:190;0.00; 0.00; 0.000; 3.90; 3.82; 3.81; 0.00; 0.00; 0.00; 0.00; 0.00; 3.82; 0.00; 60.00; 1.00; 0.00; 0.000; 291.01; 0.00; 1.820; 0.00; 65535.00; 40.00; 5.00; 0.00; 255.00; 255.00; 250.00; 0.00; 0.00; 1.00; 0.00; 813660.00; 155635.75; 145209524224.00; 1.00; 0.00; 0.00; 1.00; 0.00; 0.00; 1.00; 0.00; 0.00; 0.00; 0.00; 0.00; 1.00; 0.00; 0.00; 0.00; 0.96; 0.00; 0.00; 0.00; 3.90; 0.00; 333.33; 0.00; 1.00; 1.00; 5.00 
2023-11-27 14:28:09:310;0.00; 0.00; 0.000; 3.90; 3.83; 3.82; 0.00; 0.00; 0.00; 0.00; 0.00; 3.83; 0.00; 60.00; 1.00; 0.00; 0.000; 291.01; 0.00; 1.820; 0.00; 65535.00; 40.00; 5.00; 0.00; 255.00; 255.00; 250.00; 0.00; 0.00; 1.00; 0.00; 813660.37; 155635.75; 145209524224.00; 1.00; 0.00; 0.00; 1.00; 0.00; 0.00; 1.00; 0.00; 0.00; 0.00; 0.00; 0.00; 1.00; 0.00; 0.00; 0.00; 0.96; 0.00; 0.00; 0.00; 3.90; 0.00; 333.33; 0.00; 1.00; 1.00; 5.00 
2023-11-27 14:28:09:430;0.00; 0.00; 0.000; 3.90; 3.83; 3.82; 0.00; 0.00; 0.00; 0.00; 0.00; 3.82; 0.00; 60.00; 1.00; 0.00; 0.000; 291.01; 0.00; 1.820; 0.00; 65535.00; 40.00; 5.00; 0.00; 255.00; 255.00; 250.00; 0.00; 0.00; 1.00; 0.00; 813660.37; 155635.75; 145209524224.00; 1.00; 0.00; 0.00; 1.00; 0.00; 0.00; 1.00; 0.00; 0.00; 0.00; 0.00; 0.00; 1.00; 0.00; 0.00; 0.00; 0.96; 0.00; 0.00; 0.00; 3.90; 0.00; 333.33; 0.00; 1.00; 1.00; 5.00 
2023-11-27 14:28:09:550;0.00; 0.00; 0.000; 3.90; 3.83; 3.81; 0.00; 0.00; 0.00; 0.00; 0.00; 3.82; 0.00; 60.00; 1.00; 0.00; 0.000; 291.01; 0.00; 1.820; 0.00; 65535.00; 40.00; 5.00; 0.00; 255.00; 255.00; 250.00; 0.00; 0.00; 1.00; 0.00; 813660.37; 155635.75; 145209524224.00; 1.00; 0.00; 0.00; 1.00; 0.00; 0.00; 1.00; 0.00; 0.00; 0.00; 0.00; 0.00; 1.00; 0.00; 0.00; 0.00; 0.96; 0.00; 0.00; 0.00; 3.90; 0.00; 333.33; 0.00; 1.00; 1.00; 5.00 
2023-11-27 14:28:09:670;0.00; 0.00; 0.000; 3.89; 3.82; 3.82; 0.00; 0.00; 0.00; 0.00; 0.00; 3.82; 0.00; 60.00; 1.00; 0.00; 0.000; 291.01; 0.00; 1.820; 0.00; 65535.00; 40.00; 5.00; 0.00; 255.00; 255.00; 250.00; 0.00; 0.00; 1.00; 0.00; 813660.37; 155635.75; 145209524224.00; 1.00; 0.00; 0.00; 1.00; 0.00; 0.00; 1.00; 0.00; 0.00; 0.00; 0.00; 0.00; 1.00; 0.00; 0.00; 0.00; 0.96; 0.00; 0.00; 0.00; 3.90; 0.00; 333.33; 0.00; 1.00; 1.00; 5.00 
2023-11-27 14:28:09:790;0.00; 0.00; 0.000; 3.89; 3.82; 3.80; 0.00; 0.00; 0.00; 0.00; 0.00; 3.81; 0.00; 60.00; 1.00; 0.00; 0.000; 291.01; 0.00; 1.820; 0.00; 65535.00; 40.00; 5.00; 0.00; 255.00; 255.00; 250.00; 0.00; 0.00; 1.00; 0.00; 813660.81; 155635.75; 145209524224.00; 1.00; 0.00; 0.00; 1.00; 0.00; 0.00; 1.00; 0.00; 0.00; 0.00; 0.00; 0.00; 1.00; 0.00; 0.00; 0.00; 0.96; 0.00; 0.00; 0.00; 3.90; 0.00; 333.33; 0.00; 1.00; 1.00; 5.00 
2023-11-27 14:28:09:910;0.00; 0.00; 0.000; 3.89; 3.82; 3.81; 0.00; 0.00; 0.00; 0.00; 0.00; 3.81; 0.00; 60.00; 1.00; 0.00; 0.000; 291.01; 0.00; 1.820; 0.00; 65535.00; 40.00; 5.00; 0.00; 255.00; 255.00; 250.00; 0.00; 0.00; 1.00; 0.00; 813660.81; 155635.75; 145209524224.00; 1.00; 0.00; 0.00; 1.00; 0.00; 0.00; 1.00; 0.00; 0.00; 0.00; 0.00; 0.00; 1.00; 0.00; 0.00; 0.00; 0.96; 0.00; 0.00; 0.00; 3.90; 0.00; 333.33; 0.00; 1.00; 1.00; 5.00 
2023-11-27 14:28:10:030;0.00; 0.00; 0.000; 3.88; 3.81; 3.80; 0.00; 0.00; 0.00; 0.00; 0.00; 3.81; 0.00; 60.00; 1.00; 0.00; 0.000; 291.01; 0.00; 1.820; 0.00; 65535.00; 40.00; 5.00; 0.00; 255.00; 255.00; 250.00; 0.00; 0.00; 1.00; 0.00; 813660.81; 155635.75; 145209524224.00; 1.00; 0.00; 0.00; 1.00; 0.00; 0.00; 1.00; 0.00; 0.00; 0.00; 0.00; 0.00; 1.00; 0.00; 0.00; 0.00; 0.96; 0.00; 0.00; 0.00; 3.90; 0.00; 333.33; 0.00; 1.00; 1.00; 5.00 
2023-11-27 14:28:10:150;0.00; 0.00; 0.000; 3.88; 3.81; 3.80; 0.00; 0.00; 0.00; 0.00; 0.00; 3.80; 0.00; 60.00; 1.00; 0.00; 0.000; 291.01; 0.00; 1.820; 0.00; 65535.00; 40.00; 5.00; 0.00; 255.00; 255.00; 250.00; 0.00; 0.00; 1.00; 0.00; 813660.81; 155635.75; 145209524224.00; 1.00; 0.00; 0.00; 1.00; 0.00; 0.00; 1.00; 0.00; 0.00; 0.00; 0.00; 0.00; 1.00; 0.00; 0.00; 0.00; 0.96; 0.00; 0.00; 0.00; 3.90; 0.00; 333.33; 0.00; 1.00; 1.00; 5.00 
2023-11-27 14:28:10:270;0.00; 0.00; 0.000; 3.88; 3.81; 3.80; 0.00; 0.00; 0.00; 0.00; 0.00; 3.81; 0.00; 60.00; 1.00; 0.00; 0.000; 291.01; 0.00; 1.820; 0.00; 65535.00; 40.00; 5.00; 0.00; 255.00; 255.00; 250.00; 0.00; 0.00; 1.00; 0.00; 813661.19; 155635.75; 145209524224.00; 1.00; 0.00; 0.00; 1.00; 0.00; 0.00; 1.00; 0.00; 0.00; 0.00; 0.00; 0.00; 1.00; 0.00; 0.00; 0.00; 0.96; 0.00; 0.00; 0.00; 3.89; 0.00; 333.33; 0.00; 1.00; 1.00; 5.00 
2023-11-27 14:28:10:390;0.00; 0.00; 0.000; 3.88; 3.81; 3.79; 0.00; 0.00; 0.00; 0.00; 0.00; 3.80; 0.00; 60.00; 1.00; 0.00; 0.000; 291.01; 0.00; 1.820; 0.00; 65535.00; 40.00; 5.00; 0.00; 255.00; 255.00; 250.00; 0.00; 0.00; 1.00; 0.00; 813661.19; 155635.75; 145209524224.00; 1.00; 0.00; 0.00; 1.00; 0.00; 0.00; 1.00; 0.00; 0.00; 0.00; 0.00; 0.00; 1.00; 0.00; 0.00; 0.00; 0.96; 0.00; 0.00; 0.00; 3.89; 0.00; 333.33; 0.00; 1.00; 1.00; 5.00 
2023-11-27 14:28:10:510;0.00; 0.00; 0.000; 3.88; 3.81; 3.80; 0.00; 0.00; 0.00; 0.00; 0.00; 3.80; 0.00; 60.00; 1.00; 0.00; 0.000; 291.01; 0.00; 1.820; 0.00; 65535.00; 40.00; 5.00; 0.00; 255.00; 255.00; 250.00; 0.00; 0.00; 1.00; 0.00; 813661.19; 155635.75; 145209524224.00; 1.00; 0.00; 0.00; 1.00; 0.00; 0.00; 1.00; 0.00; 0.00; 0.00; 0.00; 0.00; 1.00; 0.00; 0.00; 0.00; 0.96; 0.00; 0.00; 0.00; 3.89; 0.00; 333.33; 0.00; 1.00; 1.00; 5.00 
2023-11-27 14:28:10:630;0.00; 0.00; 0.000; 3.88; 3.81; 3.79; 0.00; 0.00; 0.00; 0.00; 0.00; 3.80; 0.00; 60.00; 1.00; 0.00; 0.000; 291.01; 0.00; 1.820; 0.00; 65535.00; 40.00; 5.00; 0.00; 255.00; 255.00; 250.00; 0.00; 0.00; 1.00; 0.00; 813661.19; 155635.75; 145209524224.00; 1.00; 0.00; 0.00; 1.00; 0.00; 0.00; 1.00; 0.00; 0.00; 0.00; 0.00; 0.00; 1.00; 0.00; 0.00; 0.00; 0.96; 0.00; 0.00; 0.00; 3.89; 0.00; 333.33; 0.00; 1.00; 1.00; 5.00 
2023-11-27 14:28:10:750;0.00; 0.00; 0.000; 3.88; 3.80; 3.79; 0.00; 0.00; 0.00; 0.00; 0.00; 3.80; 0.00; 60.00; 1.00; 0.00; 0.000; 291.01; 0.00; 1.820; 0.00; 65535.00; 40.00; 5.00; 0.00; 255.00; 255.00; 250.00; 0.00; 0.00; 1.00; 0.00; 813661.69; 155635.75; 145209524224.00; 1.00; 0.00; 0.00; 1.00; 0.00; 0.00; 1.00; 0.00; 0.00; 0.00; 0.00; 0.00; 1.00; 0.00; 0.00; 0.00; 0.96; 0.00; 0.00; 0.00; 3.89; 0.00; 333.33; 0.00; 1.00; 1.00; 5.00 
2023-11-27 14:28:10:870;0.00; 0.00; 0.000; 3.87; 3.80; 3.79; 0.00; 0.00; 0.00; 0.00; 0.00; 3.80; 0.00; 60.00; 1.00; 0.00; 0.000; 291.01; 0.00; 1.820; 0.00; 65535.00; 40.00; 5.00; 0.00; 255.00; 255.00; 250.00; 0.00; 0.00; 1.00; 0.00; 813661.69; 155635.75; 145209524224.00; 1.00; 0.00; 0.00; 1.00; 0.00; 0.00; 1.00; 0.00; 0.00; 0.00; 0.00; 0.00; 1.00; 0.00; 0.00; 0.00; 0.96; 0.00; 0.00; 0.00; 3.89; 0.00; 333.33; 0.00; 1.00; 1.00; 5.00 
2023-11-27 14:28:10:990;0.00; 0.00; 0.000; 3.88; 3.80; 3.79; 0.00; 0.00; 0.00; 0.00; 0.00; 3.80; 0.00; 60.00; 1.00; 0.00; 0.000; 291.01; 0.00; 1.820; 0.00; 65535.00; 40.00; 5.00; 0.00; 255.00; 255.00; 250.00; 0.00; 0.00; 1.00; 0.00; 813661.69; 155635.75; 145209524224.00; 1.00; 0.00; 0.00; 1.00; 0.00; 0.00; 1.00; 0.00; 0.00; 0.00; 0.00; 0.00; 1.00; 0.00; 0.00; 0.00; 0.96; 0.00; 0.00; 0.00; 3.89; 0.00; 333.33; 0.00; 1.00; 1.00; 5.00 
2023-11-27 14:28:11:110;0.00; 0.00; 0.000; 3.87; 3.80; 3.79; 0.00; 0.00; 0.00; 0.00; 0.00; 3.80; 0.00; 60.00; 1.00; 0.00; 0.000; 291.01; 0.00; 1.820; 0.00; 65535.00; 40.00; 5.00; 0.00; 255.00; 255.00; 250.00; 0.00; 0.00; 1.00; 0.00; 813661.69; 155635.75; 145209524224.00; 1.00; 0.00; 0.00; 1.00; 0.00; 0.00; 1.00; 0.00; 0.00; 0.00; 0.00; 0.00; 1.00; 0.00; 0.00; 0.00; 0.96; 0.00; 0.00; 0.00; 3.89; 0.00; 333.33; 0.00; 1.00; 1.00; 5.00 
2023-11-27 14:28:11:230;0.00; 0.00; 0.000; 3.87; 3.80; 3.79; 0.00; 0.00; 0.00; 0.00; 0.00; 3.80; 0.00; 60.00; 1.00; 0.00; 0.000; 291.01; 0.00; 1.820; 0.00; 65535.00; 40.00; 5.00; 0.00; 255.00; 255.00; 250.00; 0.00; 0.00; 1.00; 0.00; 813661.69; 155635.75; 145209524224.00; 1.00; 0.00; 0.00; 1.00; 0.00; 0.00; 1.00; 0.00; 0.00; 0.00; 0.00; 0.00; 1.00; 0.00; 0.00; 0.00; 0.96; 0.00; 0.00; 0.00; 3.89; 0.00; 333.33; 0.00; 1.00; 1.00; 5.00 
2023-11-27 14:28:11:350;0.00; 0.00; 0.000; 3.87; 3.80; 3.79; 0.00; 0.00; 0.00; 0.00; 0.00; 3.80; 0.00; 60.00; 1.00; 0.00; 0.000; 291.01; 0.00; 1.820; 0.00; 65535.00; 40.00; 5.00; 0.00; 255.00; 255.00; 250.00; 0.00; 0.00; 1.00; 0.00; 813662.12; 155635.75; 145209524224.00; 1.00; 0.00; 0.00; 1.00; 0.00; 0.00; 1.00; 0.00; 0.00; 0.00; 0.00; 0.00; 1.00; 0.00; 0.00; 0.00; 0.96; 0.00; 0.00; 0.00; 3.88; 0.00; 333.33; 0.00; 1.00; 1.00; 5.00 
2023-11-27 14:28:11:470;0.00; 0.00; 0.000; 3.87; 3.80; 3.79; 0.00; 0.00; 0.00; 0.00; 0.00; 3.80; 0.00; 60.00; 1.00; 0.00; 0.000; 291.01; 0.00; 1.820; 0.00; 65535.00; 40.00; 5.00; 0.00; 255.00; 255.00; 250.00; 0.00; 0.00; 1.00; 0.00; 813662.12; 155635.75; 145209524224.00; 1.00; 0.00; 0.00; 1.00; 0.00; 0.00; 1.00; 0.00; 0.00; 0.00; 0.00; 0.00; 1.00; 0.00; 0.00; 0.00; 0.96; 0.00; 0.00; 0.00; 3.88; 0.00; 333.33; 0.00; 1.00; 1.00; 5.00 
